39,0,0,39,40,78,1,0
39,39,0,0,40,78,1,0
0,0,39,39,40,78,1,0
0,39,39,0,40,78,1,0
38,0,0,39,40,77,1,0
0,39,39,1,40,77,1,0
1,0,39,39,40,77,1,0
0,39,38,0,40,77,1,0
39,39,0,1,40,77,1,0
0,1,39,39,40,77,1,0
39,0,1,39,40,77,1,0
38,39,0,0,40,77,1,0
0,0,38,39,40,77,1,0
39,0,0,38,40,77,1,0
39,39,1,0,40,77,1,0
1,39,39,0,40,77,1,0
39,1,0,39,40,77,1,0
0,38,39,0,40,77,1,0
0,0,39,38,40,77,1,0
39,38,0,0,40,77,1,0
39,0,0,37,40,76,1,0
39,39,1,1,39,76,1,0
38,0,0,38,39,76,1,0
39,1,1,39,39,76,1,0
37,39,0,0,40,76,1,0
39,39,2,0,40,76,1,0
0,39,37,0,40,76,1,0
38,1,0,39,39,76,1,0
0,39,39,2,40,76,1,0
1,39,39,1,39,76,1,0
0,38,38,0,39,76,1,0
39,38,0,1,40,76,1,0
39,38,1,0,39,76,1,0
0,0,37,39,40,76,1,0
0,1,39,38,40,76,1,0
1,1,39,39,39,76,1,0
38,39,1,0,40,76,1,0
1,38,39,0,39,76,1,0
38,0,1,39,40,76,1,0
0,39,38,1,39,76,1,0
39,37,0,0,40,76,1,0
0,0,39,37,40,76,1,0
0,37,39,0,40,76,1,0
38,38,0,0,39,76,1,0
39,0,1,38,39,76,1,0
0,2,39,39,40,76,1,0
0,38,39,1,40,76,1,0
0,0,38,38,39,76,1,0
2,39,39,0,40,76,1,0
38,39,0,1,39,76,1,0
7,4,36,39,36,64,1,0
3,2,33,32,31,60,1,0
39,37,18,1,37,57,1,0
33,39,17,6,34,49,1,0
14,29,37,3,27,49,1,0
10,33,28,4,30,47,1,0
8,11,38,27,31,46,1,0
12,38,17,0,39,43,1,0
37,17,0,23,38,43,1,0
15,28,36,7,22,42,1,0
2,21,39,16,38,42,1,0
32,36,35,1,36,38,1,0
1,7,18,27,21,37,1,0
14,6,10,39,34,37,1,0
21,33,18,0,34,36,1,0
34,10,24,35,26,35,1,0
26,39,12,18,22,35,1,0
25,2,12,23,22,34,1,0
16,14,4,34,21,32,1,0
20,38,28,14,25,32,1,0
7,18,32,23,26,30,1,0
21,10,28,33,24,30,1,0
16,23,37,31,22,29,1,0
37,20,12,23,26,28,1,0
28,13,17,30,18,28,1,0
5,26,20,39,16,28,1,0
14,23,33,31,20,27,1,0
34,5,33,31,27,27,1,0
24,19,33,1,19,27,1,0
15,16,38,19,24,26,1,0
29,13,9,8,21,25,1,0
35,35,13,34,23,23,1,0
29,23,27,3,21,22,1,0
33,11,32,32,22,22,1,0
1,17,6,33,17,21,1,0
3,7,16,15,14,21,1,0
20,26,8,18,13,20,1,0
8,4,22,7,15,17,1,0
30,20,14,21,17,17,1,0
12,9,5,18,10,16,1,0
17,5,20,17,13,15,1,0
22,18,27,27,10,14,1,0
24,23,33,28,10,14,1,0
34,27,26,22,9,13,1,0
24,26,16,22,9,12,1,0
11,20,9,10,11,12,1,0
14,16,9,9,8,12,1,0
9,10,0,8,10,11,1,0
2,21,3,29,9,9,1,0
32,15,33,9,7,7,1,0
18,12,7,1,39,54,1,3
7,1,18,12,39,54,1,3
7,1,17,12,39,53,1,3
7,1,18,11,38,53,1,3
18,12,6,1,38,53,1,3
7,12,7,1,37,53,1,3
7,1,7,12,37,53,1,3
18,11,7,1,38,53,1,3
6,1,18,12,38,53,1,3
17,12,7,1,39,53,1,3
7,1,16,12,39,52,1,3
18,12,5,1,38,52,1,3
7,1,8,12,37,52,1,3
7,12,6,1,36,52,1,3
16,12,7,1,39,52,1,3
8,12,7,1,37,52,1,3
6,1,7,12,36,52,1,3
17,11,7,1,38,52,1,3
7,11,7,1,36,52,1,3
6,2,18,12,38,52,1,3
18,12,6,2,38,52,1,3
17,12,6,1,38,52,1,3
7,1,7,11,36,52,1,3
6,1,17,12,38,52,1,3
6,1,18,11,37,52,1,3
18,10,7,1,37,52,1,3
7,1,18,10,37,52,1,3
7,1,17,11,38,52,1,3
18,11,6,1,37,52,1,3
5,1,18,12,38,52,1,3
18,12,5,2,37,51,1,3
7,1,8,11,36,51,1,3
6,1,7,11,35,51,1,3
7,1,15,12,39,51,1,3
6,1,8,12,36,51,1,3
8,12,6,1,36,51,1,3
17,12,6,2,38,51,1,3
15,12,7,1,39,51,1,3
8,11,7,1,36,51,1,3
6,1,16,12,38,51,1,3
17,11,6,1,37,51,1,3
17,10,7,1,37,51,1,3
4,1,18,12,38,51,1,3
18,12,4,1,38,51,1,3
7,1,7,10,35,51,1,3
7,1,16,11,38,51,1,3
6,1,17,11,37,51,1,3
16,12,6,1,38,51,1,3
5,1,17,12,38,51,1,3
6,1,18,10,36,51,1,3
18,9,7,1,36,51,1,3
5,2,18,12,37,51,1,3
6,2,18,11,37,51,1,3
7,12,5,1,36,51,1,3
6,2,17,12,38,51,1,3
7,1,9,12,37,51,1,3
6,2,7,12,36,51,1,3
18,10,6,1,36,51,1,3
7,11,6,1,35,51,1,3
17,12,5,1,38,51,1,3
18,11,5,1,37,51,1,3
7,10,7,1,35,51,1,3
7,1,17,10,37,51,1,3
5,1,7,12,36,51,1,3
7,12,6,2,36,51,1,3
7,1,18,9,36,51,1,3
16,11,7,1,38,51,1,3
5,1,18,11,37,51,1,3
18,11,6,2,37,51,1,3
9,12,7,1,37,51,1,3
17,10,6,1,36,50,1,3
6,2,8,12,36,50,1,3
17,11,6,2,37,50,1,3
8,10,7,1,35,50,1,3
18,11,5,2,36,50,1,3
7,1,18,8,36,50,1,3
9,12,6,1,36,50,1,3
7,1,16,10,37,50,1,3
6,2,7,11,35,50,1,3
7,11,6,2,35,50,1,3
16,10,7,1,37,50,1,3
3,1,18,12,38,50,1,3
5,1,7,11,35,50,1,3
4,1,7,12,36,50,1,3
18,11,4,1,37,50,1,3
4,1,17,12,38,50,1,3
7,1,18,14,41,50,1,3
5,1,17,11,37,50,1,3
6,1,18,9,35,50,1,3
7,1,15,11,38,50,1,3
6,1,17,10,36,50,1,3
8,11,6,1,35,50,1,3
6,1,16,11,37,50,1,3
7,1,8,10,35,50,1,3
6,1,15,12,38,50,1,3
18,10,6,2,36,50,1,3
15,12,6,1,38,50,1,3
7,9,7,1,34,50,1,3
18,12,3,1,38,50,1,3
6,1,9,12,36,50,1,3
6,1,8,11,35,50,1,3
18,12,5,3,37,50,1,3
5,1,16,12,38,50,1,3
7,1,17,9,36,50,1,3
17,12,4,1,38,50,1,3
7,1,7,13,40,50,1,3
7,1,6,14,41,50,1,3
7,1,7,9,34,50,1,3
7,1,6,8,34,50,1,3
6,1,7,10,34,50,1,3
18,18,7,1,41,50,1,3
17,9,7,1,36,50,1,3
7,11,5,1,35,50,1,3
8,12,6,2,36,50,1,3
10,12,7,1,37,50,1,3
18,14,7,1,41,50,1,3
4,1,18,11,37,50,1,3
18,10,5,1,36,50,1,3
7,10,6,1,34,50,1,3
15,11,7,1,38,50,1,3
17,11,5,1,37,50,1,3
7,13,7,1,40,50,1,3
5,3,18,12,37,50,1,3
7,1,5,15,42,50,1,3
18,8,7,1,36,50,1,3
5,2,18,11,36,50,1,3
6,8,7,1,34,50,1,3
5,2,17,12,37,50,1,3
5,2,7,12,35,50,1,3
7,1,18,18,41,50,1,3
5,1,18,10,36,50,1,3
18,9,6,1,35,50,1,3
17,12,5,2,37,50,1,3
7,1,10,12,37,50,1,3
7,12,4,1,36,50,1,3
8,12,5,1,36,50,1,3
16,11,6,1,37,50,1,3
7,1,9,11,36,50,1,3
4,2,18,12,37,50,1,3
9,11,7,1,36,50,1,3
6,14,7,1,41,50,1,3
16,12,5,1,38,50,1,3
6,2,18,10,36,50,1,3
5,1,8,12,36,50,1,3
7,12,5,2,35,50,1,3
5,15,7,1,42,50,1,3
18,12,4,2,37,50,1,3
6,2,17,11,37,50,1,3
16,12,6,2,38,50,1,3
6,2,16,12,38,50,1,3
17,11,4,4,35,46,1,3
7,1,15,6,33,45,1,3
8,13,3,1,38,45,1,3
7,14,5,3,38,45,1,3
10,11,5,3,34,45,1,3
18,6,5,2,34,45,1,3
4,3,8,13,36,44,1,3
6,2,10,8,32,44,1,3
9,16,5,1,37,43,1,3
15,7,5,2,32,43,1,3
16,10,1,2,35,43,1,3
18,5,2,3,33,42,1,3
13,16,6,2,35,41,1,3
10,5,5,2,28,40,1,3
6,1,13,18,33,40,1,3
5,1,16,1,29,39,1,3
7,8,1,6,27,38,1,3
1,2,13,5,28,35,1,3
3,8,17,14,26,34,1,3
1,8,13,10,27,34,1,3
6,14,5,11,27,32,1,3
10,4,1,6,24,31,1,3
13,10,1,11,24,31,1,3
4,10,18,17,28,31,1,3
15,10,3,14,27,30,1,3
2,16,11,5,22,30,1,3
18,17,4,11,27,30,1,3
7,1,8,4,22,30,1,3
4,10,8,10,21,30,1,3
4,12,6,15,26,29,1,3
10,11,4,10,22,29,1,3
3,14,10,9,25,28,1,3
7,10,4,6,18,27,1,3
1,15,16,9,27,27,1,3
12,14,4,7,22,27,1,3
13,10,5,9,21,27,1,3
16,13,3,13,25,27,1,3
17,11,2,15,25,27,1,3
13,16,3,10,23,26,1,3
2,4,6,18,23,26,1,3
17,10,6,6,19,25,1,3
10,14,6,4,20,24,1,3
1,13,16,14,24,24,1,3
8,18,1,8,21,23,1,3
3,15,8,15,22,23,1,3
4,13,10,16,21,23,1,3
15,3,9,15,19,22,1,3
3,8,11,6,15,22,1,3
4,18,7,5,18,22,1,3
2,5,8,3,17,22,1,3
10,4,3,9,15,22,1,3
14,1,3,11,15,21,1,3
11,4,5,9,15,21,1,3
16,2,17,14,20,21,1,3
3,7,7,18,18,21,1,3
7,4,15,10,17,20,1,3
18,15,12,1,18,20,1,3
1,15,8,2,15,20,1,3
1,15,15,17,21,20,1,3
8,6,6,6,14,20,1,3
18,2,7,9,14,20,1,3
18,5,7,3,16,19,1,3
18,8,18,3,16,19,1,3
9,15,14,1,16,19,1,3
18,10,7,14,15,19,1,3
10,13,16,2,16,19,1,3
5,5,17,3,13,18,1,3
15,11,8,2,17,18,1,3
18,9,17,2,15,18,1,3
16,6,10,18,18,18,1,3
17,8,9,14,13,18,1,3
5,5,12,7,14,17,1,3
5,10,5,3,14,17,1,3
6,6,10,5,12,17,1,3
12,2,3,8,11,17,1,3
8,18,7,10,13,17,1,3
16,5,12,18,16,17,1,3
8,13,17,6,12,16,1,3
15,2,8,9,12,16,1,3
9,9,16,18,12,16,1,3
9,1,5,11,11,16,1,3
1,5,1,15,15,16,1,3
7,4,3,16,13,16,1,3
3,9,4,2,14,16,1,3
11,9,8,4,14,16,1,3
3,11,6,18,14,16,1,3
8,3,13,10,14,16,1,3
17,11,12,1,13,15,1,3
16,10,8,9,12,15,1,3
7,10,15,15,10,15,1,3
17,3,7,4,11,15,1,3
1,13,1,4,16,15,1,3
6,16,17,12,15,15,1,3
9,14,17,11,12,15,1,3
10,6,18,12,12,14,1,3
14,16,13,3,15,14,1,3
11,1,3,7,9,14,1,3
18,6,13,15,15,14,1,3
15,7,8,2,13,14,1,3
9,3,5,10,9,13,1,3
1,8,2,16,12,13,1,3
4,8,10,1,8,13,1,3
1,15,5,6,11,13,1,3
9,10,15,15,10,13,1,3
10,15,11,4,12,12,1,3
15,12,11,14,10,12,1,3
16,14,9,13,9,12,1,3
18,12,12,18,12,12,1,3
9,12,16,17,8,12,1,3
16,6,9,11,9,12,1,3
16,6,15,3,13,12,1,3
17,9,17,18,10,11,1,3
12,11,6,16,7,11,1,3
7,8,15,7,10,11,1,3
16,13,8,16,11,11,1,3
1,4,3,9,12,11,1,3
13,10,7,15,7,11,1,3
16,2,12,7,10,11,1,3
3,10,1,16,7,10,1,3
4,11,1,4,11,10,1,3
13,5,16,3,9,9,1,3
15,12,12,6,10,9,1,3
10,8,7,14,7,9,1,3
12,6,17,10,8,9,1,3
10,14,11,6,9,9,1,3
16,9,11,6,8,8,1,3
7,18,12,16,8,7,1,3
5,1,3,5,5,6,1,3
15,3,13,3,7,6,1,3
4,4,7,1,5,6,1,3
13,9,7,9,7,6,1,3
8,6,9,10,5,5,1,3
13,4,11,7,4,5,1,3
8,3,6,6,4,5,1,3
11,13,12,17,5,5,1,3
9,9,7,12,4,5,1,3
9,13,8,9,5,5,1,3
13,14,10,12,4,5,1,3
16,15,15,18,4,4,1,3
8,4,9,1,4,4,1,3
13,9,10,10,4,4,1,3
1,5,4,4,4,4,1,3
15,7,16,9,3,3,1,3
7,3,9,2,3,3,1,3
12,15,11,14,2,2,1,3
14,6,16,6,3,2,1,3
12,10,12,12,3,2,1,3
11,5,9,5,3,2,1,3
11,15,12,14,2,2,1,3
3,14,3,13,2,1,1,3
0,0,19,19,25,38,1,4
0,19,19,0,24,38,1,4
19,0,0,19,24,38,1,4
19,19,0,0,25,38,1,4
0,19,18,0,24,37,1,4
0,19,19,1,24,37,1,4
0,18,19,0,24,37,1,4
1,0,19,19,24,37,1,4
19,19,1,0,24,37,1,4
1,19,19,0,23,37,1,4
0,1,19,19,25,37,1,4
19,1,0,19,24,37,1,4
0,0,19,18,24,37,1,4
19,18,0,0,24,37,1,4
19,19,0,1,25,37,1,4
19,0,1,19,23,37,1,4
19,0,0,18,24,37,1,4
18,0,0,19,24,37,1,4
19,19,2,0,24,36,1,4
18,0,1,19,23,36,1,4
19,1,0,18,24,36,1,4
19,19,1,1,24,36,1,4
1,0,19,18,23,36,1,4
0,17,19,0,24,36,1,4
17,19,0,0,22,36,1,4
1,19,19,1,23,36,1,4
1,1,19,19,24,36,1,4
0,18,18,0,24,36,1,4
0,0,17,19,22,36,1,4
19,0,0,17,24,36,1,4
19,19,0,2,25,36,1,4
2,19,19,0,22,36,1,4
0,2,19,19,25,36,1,4
1,19,18,0,23,36,1,4
0,0,19,17,23,36,1,4
0,18,19,1,24,36,1,4
0,1,19,18,24,36,1,4
0,19,18,1,23,36,1,4
1,18,19,0,23,36,1,4
18,18,0,0,23,36,1,4
19,0,1,18,23,36,1,4
19,18,1,0,23,36,1,4
18,1,0,19,23,36,1,4
19,18,0,1,24,36,1,4
19,1,1,19,23,36,1,4
18,0,0,18,24,36,1,4
19,17,0,0,23,36,1,4
19,0,2,19,22,36,1,4
2,0,19,19,24,36,1,4
0,0,18,18,23,36,1,4
19,0,1,17,23,35,1,4
1,18,18,0,23,35,1,4
16,19,0,0,21,35,1,4
18,0,0,17,24,35,1,4
1,1,19,18,23,35,1,4
0,18,18,1,23,35,1,4
19,17,0,1,23,35,1,4
19,17,1,0,22,35,1,4
19,1,2,19,22,35,1,4
18,0,1,18,23,35,1,4
16,0,0,19,24,35,1,4
2,19,18,0,22,35,1,4
2,18,19,0,22,35,1,4
19,18,0,2,24,35,1,4
18,1,1,19,22,35,1,4
0,19,18,2,23,35,1,4
18,18,0,1,23,35,1,4
0,0,17,18,22,35,1,4
19,3,0,19,23,35,1,4
17,18,0,0,22,35,1,4
19,18,1,1,23,35,1,4
0,19,17,1,23,35,1,4
19,18,2,0,23,35,1,4
18,1,0,18,23,35,1,4
1,19,18,1,22,35,1,4
18,18,1,0,22,35,1,4
19,19,0,3,24,35,1,4
0,17,18,0,24,35,1,4
19,0,2,18,22,35,1,4
0,0,18,17,23,35,1,4
17,19,1,0,21,35,1,4
0,19,19,3,23,35,1,4
19,19,1,2,24,35,1,4
19,19,2,1,23,35,1,4
1,17,19,0,23,35,1,4
0,1,19,17,23,35,1,4
2,19,19,1,22,35,1,4
0,1,17,19,22,35,1,4
0,0,16,19,21,35,1,4
3,19,19,0,22,35,1,4
0,2,19,18,24,35,1,4
18,17,0,0,23,35,1,4
17,1,0,19,23,35,1,4
18,2,0,19,23,35,1,4
18,0,2,19,22,35,1,4
0,1,18,18,23,35,1,4
19,1,0,17,24,35,1,4
1,2,19,19,24,35,1,4
1,0,19,17,22,35,1,4
1,18,19,1,23,35,1,4
17,19,0,1,22,35,1,4
0,0,19,16,23,35,1,4
19,1,1,18,23,35,1,4
2,1,19,19,23,35,1,4
0,17,19,1,24,35,1,4
1,0,18,18,22,35,1,4
1,0,17,19,21,35,1,4
0,3,19,19,24,35,1,4
19,16,0,0,23,35,1,4
2,0,19,18,23,35,1,4
0,19,16,0,24,35,1,4
19,0,3,19,22,35,1,4
16,19,0,1,21,34,1,4
3,18,19,0,21,34,1,4
19,17,0,2,23,34,1,4
19,0,0,15,23,34,1,4
17,2,0,19,22,34,1,4
0,15,19,0,23,34,1,4
19,0,2,17,22,34,1,4
16,19,1,0,20,34,1,4
17,1,1,19,22,34,1,4
0,18,16,0,24,34,1,4
0,2,17,19,22,34,1,4
19,0,4,19,22,34,1,4
18,17,1,0,22,34,1,4
1,0,16,19,20,34,1,4
16,0,0,18,24,34,1,4
4,0,19,19,22,34,1,4
18,18,1,1,22,34,1,4
2,18,18,0,22,34,1,4
17,18,1,0,21,34,1,4
18,18,2,0,22,34,1,4
0,1,16,19,21,34,1,4
0,19,15,0,24,34,1,4
0,2,18,18,23,34,1,4
0,4,19,19,23,34,1,4
17,18,0,1,22,34,1,4
16,0,1,19,23,34,1,4
1,1,18,18,22,34,1,4
15,0,0,19,24,34,1,4
0,0,17,17,22,34,1,4
1,17,18,0,23,34,1,4
18,1,1,18,22,34,1,4
19,18,0,3,23,34,1,4
19,3,0,18,23,34,1,4
19,17,2,0,22,34,1,4
2,1,19,18,22,34,1,4
0,3,19,18,23,34,1,4
0,0,15,19,21,34,1,4
0,18,19,3,23,34,1,4
2,16,19,1,22,32,1,4
3,1,18,17,21,31,1,4
18,5,1,18,20,30,1,4
1,2,15,16,19,28,1,4
17,5,3,19,19,28,1,4
12,3,1,19,20,27,1,4
7,2,19,17,17,27,1,4
8,2,19,17,17,26,1,4
2,17,13,3,18,25,1,4
16,0,10,19,20,25,1,4
2,2,18,11,19,25,1,4
18,11,0,17,19,24,1,4
5,13,19,3,18,24,1,4
11,18,2,3,17,24,1,4
9,17,16,0,19,24,1,4
17,5,4,16,17,24,1,4
5,1,16,13,15,23,1,4
15,17,7,3,17,22,1,4
1,7,13,17,14,22,1,4
15,7,0,14,17,22,1,4
13,14,1,4,15,22,1,4
18,13,4,5,16,22,1,4
8,0,9,18,20,21,1,4
18,17,4,10,15,21,1,4
0,8,18,5,19,21,1,4
1,1,15,8,16,21,1,4
2,2,4,19,18,21,1,4
4,18,19,12,18,21,1,4
14,18,4,7,13,21,1,4
19,17,0,15,20,21,1,4
18,3,5,10,17,20,1,4
16,13,8,1,14,20,1,4
8,1,3,16,16,20,1,4
11,17,7,1,17,20,1,4
13,16,6,3,14,20,1,4
5,5,16,14,14,20,1,4
5,5,14,16,13,20,1,4
14,1,2,9,14,20,1,4
0,6,8,17,12,19,1,4
2,10,11,0,13,19,1,4
14,13,0,8,15,19,1,4
7,15,7,0,16,19,1,4
19,7,8,15,13,19,1,4
2,4,7,18,15,19,1,4
15,10,4,2,15,19,1,4
11,4,5,16,15,18,1,4
4,17,15,10,12,18,1,4
10,17,8,3,15,18,1,4
17,8,3,6,16,18,1,4
11,11,4,0,13,18,1,4
15,0,13,13,16,17,1,4
0,17,7,7,12,17,1,4
18,0,14,13,14,17,1,4
14,14,15,0,16,17,1,4
16,12,9,3,12,16,1,4
15,0,16,13,15,16,1,4
15,2,15,14,14,16,1,4
18,2,5,5,15,16,1,4
19,14,7,10,13,16,1,4
14,8,9,19,12,16,1,4
4,1,8,12,12,15,1,4
14,18,4,13,11,15,1,4
7,19,3,8,12,15,1,4
6,16,18,13,13,15,1,4
0,12,4,1,12,15,1,4
13,7,5,14,11,15,1,4
17,11,4,13,14,15,1,4
5,4,0,14,11,15,1,4
4,4,6,17,14,15,1,4
2,6,10,13,11,15,1,4
3,19,9,11,10,14,1,4
10,8,17,15,9,14,1,4
10,16,18,10,9,14,1,4
15,14,5,10,11,14,1,4
6,14,17,17,12,14,1,4
16,1,4,1,14,14,1,4
7,7,17,9,11,14,1,4
11,1,0,3,13,13,1,4
9,7,12,17,12,13,1,4
19,4,10,0,11,13,1,4
19,4,18,14,12,13,1,4
0,9,10,8,12,13,1,4
16,8,14,19,12,13,1,4
2,16,2,5,12,13,1,4
13,11,9,19,10,12,1,4
3,17,13,19,11,12,1,4
13,17,12,6,12,12,1,4
2,12,0,2,12,12,1,4
12,9,8,17,9,12,1,4
2,19,5,10,10,12,1,4
9,5,6,14,11,12,1,4
10,1,16,7,10,12,1,4
8,12,4,19,9,11,1,4
2,18,11,18,10,11,1,4
14,9,17,1,9,11,1,4
17,12,9,9,9,11,1,4
0,11,0,2,12,11,1,4
0,7,5,13,7,11,1,4
4,10,4,19,10,11,1,4
15,13,9,9,8,10,1,4
16,0,18,8,11,10,1,4
12,16,6,12,7,10,1,4
8,18,1,16,8,9,1,4
6,11,2,6,7,9,1,4
1,4,2,12,9,9,1,4
16,9,10,6,8,9,1,4
17,16,11,19,7,9,1,4
14,7,19,11,7,9,1,4
12,13,6,10,7,9,1,4
14,1,16,8,8,9,1,4
13,17,6,19,8,9,1,4
17,8,17,1,8,9,1,4
6,19,2,15,7,8,1,4
16,5,10,3,7,8,1,4
9,5,1,5,9,8,1,4
19,6,13,6,8,8,1,4
10,17,18,17,9,8,1,4
10,18,12,12,7,8,1,4
4,8,6,14,7,8,1,4
17,11,18,4,8,8,1,4
0,14,5,11,7,8,1,4
10,7,9,1,7,7,1,4
15,5,16,11,7,7,1,4
14,9,11,5,6,7,1,4
19,14,17,9,7,7,1,4
6,19,6,12,8,7,1,4
13,14,11,18,5,6,1,4
14,3,18,1,6,6,1,4
19,4,16,1,4,6,1,4
0,12,4,10,5,6,1,4
8,16,8,10,7,6,1,4
12,3,16,1,7,6,1,4
15,10,10,10,6,5,1,4
6,1,7,5,6,5,1,4
1,13,2,17,5,5,1,4
11,16,14,14,4,5,1,4
4,12,3,8,5,5,1,4
16,3,15,7,5,5,1,4
16,9,12,10,6,5,1,4
2,6,0,4,4,4,1,4
2,3,6,3,5,4,1,4
19,6,19,4,5,4,1,4
0,8,3,9,4,4,1,4
5,9,6,6,4,4,1,4
18,15,16,13,3,4,1,4
9,14,10,12,3,3,1,4
7,6,9,7,4,3,1,4
6,17,7,15,3,3,1,4
15,11,15,14,4,3,1,4
17,7,18,8,3,2,1,4
0,19,0,5,56,74,1,5
0,5,0,19,56,74,1,5
0,19,1,0,58,74,1,5
1,0,0,19,58,74,1,5
16,18,0,5,58,73,1,5
16,18,1,0,60,73,1,5
1,0,16,18,60,73,1,5
1,19,0,5,55,73,1,5
0,5,15,19,57,73,1,5
0,19,0,0,57,73,1,5
1,0,15,19,59,73,1,5
0,5,16,18,58,73,1,5
0,4,0,19,55,73,1,5
15,19,1,0,59,73,1,5
1,0,17,17,61,73,1,5
0,19,0,4,55,73,1,5
1,19,1,0,57,73,1,5
0,0,0,19,57,73,1,5
0,5,17,17,59,73,1,5
0,5,1,19,55,73,1,5
17,17,1,0,61,73,1,5
15,19,0,5,57,73,1,5
17,17,0,5,59,73,1,5
1,0,1,19,57,73,1,5
0,1,0,19,56,72,1,5
17,17,0,0,60,72,1,5
0,5,15,18,57,72,1,5
1,4,0,19,55,72,1,5
0,5,16,17,58,72,1,5
0,17,1,0,55,72,1,5
0,3,0,19,55,72,1,5
16,17,1,0,60,72,1,5
1,19,0,4,54,72,1,5
0,19,0,3,55,72,1,5
1,0,1,18,56,72,1,5
16,17,0,5,58,72,1,5
0,0,17,17,60,72,1,5
14,19,0,5,56,72,1,5
1,19,0,0,56,72,1,5
0,19,0,1,56,72,1,5
0,17,0,5,53,72,1,5
2,19,0,5,55,72,1,5
0,19,1,4,55,72,1,5
0,4,1,19,54,72,1,5
0,4,15,19,56,72,1,5
0,0,16,18,59,72,1,5
0,5,1,18,54,72,1,5
16,18,0,0,59,72,1,5
0,4,16,18,57,72,1,5
0,0,1,19,56,72,1,5
15,18,1,0,59,72,1,5
15,18,0,5,57,72,1,5
14,19,1,0,58,72,1,5
0,5,2,19,55,72,1,5
1,0,0,17,55,72,1,5
1,0,16,17,60,72,1,5
0,0,15,19,58,72,1,5
2,19,1,0,57,72,1,5
1,0,14,19,58,72,1,5
15,19,0,4,56,72,1,5
0,5,14,19,56,72,1,5
0,5,0,17,53,72,1,5
1,18,1,0,56,72,1,5
0,4,17,17,58,72,1,5
17,17,0,4,58,72,1,5
1,0,2,19,57,72,1,5
15,19,0,0,58,72,1,5
16,18,0,4,57,72,1,5
1,18,0,5,54,72,1,5
1,0,15,18,59,72,1,5
0,5,0,16,53,71,1,5
1,19,1,4,54,71,1,5
1,0,1,17,55,71,1,5
0,5,15,17,57,71,1,5
15,18,0,4,56,71,1,5
0,5,14,18,56,71,1,5
1,19,0,3,54,71,1,5
0,0,0,17,54,71,1,5
1,19,0,1,55,71,1,5
0,3,16,18,57,71,1,5
14,18,0,5,56,71,1,5
1,4,17,17,58,71,1,5
1,17,0,5,53,71,1,5
0,5,1,17,53,71,1,5
1,4,15,19,56,71,1,5
0,0,1,18,55,71,1,5
0,1,1,19,55,71,1,5
1,17,1,0,55,71,1,5
1,0,14,18,58,71,1,5
15,19,0,1,57,71,1,5
16,18,0,3,57,71,1,5
0,4,14,19,55,71,1,5
0,2,0,19,55,71,1,5
1,0,15,17,59,71,1,5
0,0,2,19,56,71,1,5
0,17,0,0,54,71,1,5
2,19,0,4,54,71,1,5
14,19,0,4,55,71,1,5
16,17,0,0,59,71,1,5
0,1,17,17,59,71,1,5
0,4,2,19,54,71,1,5
0,4,16,17,57,71,1,5
0,1,15,19,57,71,1,5
15,17,1,0,59,71,1,5
0,4,15,18,56,71,1,5
15,19,0,3,56,71,1,5
1,0,13,19,57,71,1,5
0,16,0,5,53,71,1,5
15,17,0,5,57,71,1,5
0,19,0,2,55,71,1,5
1,3,0,19,54,71,1,5
15,19,1,4,56,71,1,5
0,0,16,17,59,71,1,5
0,4,1,18,53,71,1,5
0,5,13,19,55,71,1,5
0,5,2,18,54,71,1,5
0,3,17,17,58,71,1,5
0,19,1,3,54,71,1,5
2,18,0,5,54,71,1,5
1,0,0,16,55,71,1,5
17,17,0,1,59,71,1,5
17,17,0,3,58,71,1,5
13,19,0,5,55,71,1,5
2,18,1,0,56,71,1,5
14,18,1,0,58,71,1,5
0,17,0,4,52,71,1,5
0,3,15,19,56,71,1,5
1,4,1,19,54,71,1,5
16,17,0,4,57,71,1,5
1,18,0,4,53,71,1,5
0,0,15,18,58,71,1,5
0,1,16,18,58,71,1,5
1,0,2,18,56,71,1,5
1,4,16,18,57,71,1,5
15,18,0,0,58,71,1,5
16,18,1,4,57,71,1,5
0,3,1,19,54,71,1,5
2,19,0,0,56,71,1,5
13,19,1,0,57,71,1,5
0,0,14,19,57,71,1,5
16,18,0,1,58,71,1,5
14,19,0,0,57,71,1,5
1,18,0,0,55,71,1,5
0,4,0,17,52,71,1,5
17,17,1,4,58,71,1,5
0,16,1,0,55,71,1,5
0,0,1,17,54,70,1,5
1,4,15,18,56,70,1,5
12,19,0,5,55,70,1,5
1,18,1,4,53,70,1,5
18,18,6,8,1,0,0,5
17,19,1,2,1,0,0,5
5,19,19,18,1,0,0,5
2,14,19,18,1,0,0,5
18,19,19,16,1,0,0,5
4,7,18,18,1,0,0,5
19,18,3,4,1,0,0,5
19,18,6,12,1,0,0,5
19,18,7,19,1,0,0,5
19,18,10,1,1,0,0,5
0,5,3,16,51,68,1,5
1,0,9,19,56,67,1,5
1,2,3,16,49,64,1,5
5,0,14,16,49,59,1,5
8,12,0,4,46,58,1,5
0,4,19,1,46,58,1,5
0,5,15,9,47,57,1,5
2,13,6,0,42,55,1,5
6,0,11,12,46,55,1,5
16,15,4,0,48,55,1,5
8,15,3,1,46,55,1,5
2,1,6,11,43,54,1,5
10,14,5,0,45,53,1,5
0,4,16,1,42,53,1,5
10,16,7,2,43,53,1,5
2,1,16,9,45,52,1,5
0,5,12,6,42,51,1,5
12,18,3,5,42,50,1,5
15,6,2,3,43,50,1,5
3,2,7,8,40,50,1,5
4,5,10,17,41,48,1,5
14,17,2,7,43,48,1,5
3,4,10,17,41,48,1,5
5,3,15,13,41,46,1,5
14,13,6,3,42,46,1,5
16,8,7,1,39,46,1,5
14,11,6,3,40,44,1,5
5,3,17,9,38,44,1,5
12,13,1,7,39,43,1,5
3,5,4,11,34,43,1,5
1,7,19,5,37,40,1,5
15,19,4,7,33,39,1,5
5,4,11,10,35,38,1,5
19,12,0,11,34,38,1,5
6,6,1,19,28,36,1,5
4,8,9,18,30,33,1,5
0,10,9,11,29,32,1,5
11,6,2,6,28,29,1,5
17,5,0,14,19,28,1,5
1,11,16,1,26,27,1,5
19,2,15,18,21,26,1,5
14,11,3,8,27,26,1,5
9,7,1,11,25,26,1,5
16,17,12,4,21,25,1,5
17,4,5,17,20,25,1,5
0,9,14,4,26,25,1,5
17,9,1,17,20,24,1,5
11,16,19,0,19,24,1,5
17,3,7,17,20,24,1,5
3,2,1,11,16,23,1,5
11,1,11,17,17,22,1,5
0,15,19,14,21,22,1,5
7,4,5,12,17,22,1,5
11,5,1,16,13,21,1,5
11,17,13,4,16,21,1,5
15,4,15,19,20,21,1,5
17,17,0,16,19,20,1,5
16,0,18,16,21,20,1,5
6,9,19,14,15,20,1,5
10,18,12,4,16,20,1,5
14,0,16,14,18,20,1,5
16,17,15,4,20,20,1,5
7,13,17,3,17,20,1,5
6,5,3,5,17,19,1,5
8,13,8,4,17,19,1,5
0,11,10,2,19,19,1,5
17,7,8,16,14,18,1,5
7,11,19,11,15,18,1,5
14,14,1,19,14,18,1,5
18,12,3,15,16,18,1,5
18,13,3,14,16,18,1,5
13,0,18,9,14,18,1,5
11,0,6,13,14,18,1,5
11,13,11,4,14,17,1,5
14,2,16,13,16,17,1,5
14,9,5,17,15,17,1,5
6,8,17,2,14,17,1,5
8,18,15,8,13,17,1,5
17,10,12,0,16,17,1,5
17,13,10,4,13,16,1,5
8,19,12,9,16,16,1,5
13,0,8,11,14,16,1,5
19,12,9,18,12,16,1,5
17,13,11,4,13,15,1,5
7,7,1,16,11,15,1,5
17,0,13,11,13,15,1,5
5,11,17,14,13,15,1,5
12,18,7,8,12,15,1,5
7,7,16,12,12,14,1,5
8,11,16,17,13,14,1,5
11,15,14,6,13,14,1,5
19,10,8,9,13,14,1,5
9,18,0,13,11,14,1,5
12,16,0,14,13,14,1,5
13,4,19,4,15,14,1,5
15,9,19,0,13,13,1,5
18,13,10,8,10,13,1,5
0,15,7,9,10,13,1,5
19,9,7,8,13,13,1,5
12,16,7,8,11,13,1,5
18,16,16,9,9,11,1,5
11,3,14,11,12,11,1,5
16,5,10,0,10,11,1,5
9,16,3,11,7,11,1,5
14,6,11,0,12,11,1,5
5,19,11,15,8,10,1,5
16,0,15,7,9,10,1,5
10,16,15,11,8,10,1,5
14,6,17,12,8,9,1,5
12,16,12,11,9,9,1,5
18,9,11,7,9,9,1,5
18,10,15,4,7,9,1,5
9,16,15,19,7,9,1,5
13,12,10,15,8,8,1,5
13,12,11,16,8,8,1,5
5,16,11,15,7,7,1,5
19,3,17,2,8,7,1,5
8,16,12,19,6,7,1,5
7,2,3,5,5,7,1,5
9,6,9,11,6,7,1,5
14,8,16,4,6,6,1,5
9,17,12,14,4,6,1,5
11,5,10,9,5,5,1,5
15,4,11,3,6,5,1,5
6,8,11,8,6,5,1,5
6,15,3,17,5,5,1,5
6,19,3,17,5,5,1,5
16,7,14,10,4,5,1,5
7,8,11,8,5,4,1,5
4,11,6,9,3,4,1,5
1,17,0,14,4,4,1,5
13,2,15,1,3,3,1,5
0,8,2,7,3,3,1,5
7,15,8,16,3,2,1,5
17,13,18,12,2,2,1,5
6,11,8,11,3,2,1,5
14,13,14,11,3,2,1,5
11,10,12,9,3,2,1,5
19,12,19,14,3,2,1,5
12,8,11,7,3,2,1,5
0,5,37,37,88,113,1,1
1,0,37,37,90,113,1,1
37,37,0,5,88,113,1,1
37,37,1,0,90,113,1,1
0,0,37,37,89,112,1,1
37,37,0,0,89,112,1,1
0,4,37,37,87,112,1,1
1,0,36,37,89,112,1,1
37,37,0,4,87,112,1,1
36,37,0,5,87,112,1,1
36,37,1,0,89,112,1,1
0,5,36,37,87,112,1,1
0,4,36,37,86,111,1,1
0,5,35,39,87,111,1,1
1,4,37,37,87,111,1,1
0,5,35,37,86,111,1,1
0,1,37,37,88,111,1,1
35,37,1,0,88,111,1,1
37,37,0,3,87,111,1,1
36,37,0,4,86,111,1,1
1,0,35,37,88,111,1,1
1,0,36,38,90,111,1,1
1,0,35,39,89,111,1,1
35,39,1,0,89,111,1,1
37,37,0,1,88,111,1,1
0,5,36,38,88,111,1,1
35,37,0,5,86,111,1,1
37,37,1,4,87,111,1,1
0,0,36,37,88,111,1,1
36,38,1,0,90,111,1,1
36,37,0,0,88,111,1,1
36,38,0,5,88,111,1,1
35,39,0,5,87,111,1,1
0,3,37,37,87,111,1,1
0,0,35,37,87,110,1,1
0,4,36,38,87,110,1,1
34,39,1,0,88,110,1,1
0,2,37,37,87,110,1,1
35,37,0,4,85,110,1,1
1,0,34,39,88,110,1,1
1,0,34,37,87,110,1,1
0,4,35,37,85,110,1,1
0,5,34,39,86,110,1,1
34,37,1,0,87,110,1,1
0,1,36,37,87,110,1,1
34,39,0,5,86,110,1,1
0,4,35,39,86,110,1,1
0,5,34,37,85,110,1,1
0,3,36,37,86,110,1,1
35,39,0,0,88,110,1,1
0,0,36,38,89,110,1,1
36,37,0,3,86,110,1,1
36,37,1,4,86,110,1,1
35,37,0,0,87,110,1,1
36,38,0,4,87,110,1,1
36,38,0,0,89,110,1,1
1,3,37,37,86,110,1,1
35,38,1,0,89,110,1,1
0,0,35,39,88,110,1,1
1,0,35,38,89,110,1,1
37,37,1,3,86,110,1,1
34,37,0,5,85,110,1,1
36,37,0,1,87,110,1,1
1,4,36,37,86,110,1,1
37,37,0,2,87,110,1,1
35,38,0,5,87,110,1,1
0,5,35,38,87,110,1,1
35,39,0,4,86,110,1,1
0,0,35,38,88,109,1,1
1,0,33,39,87,109,1,1
36,38,1,4,87,109,1,1
35,38,0,0,88,109,1,1
34,37,0,4,84,109,1,1
38,36,0,5,84,109,1,1
0,5,38,36,84,109,1,1
35,37,0,1,86,109,1,1
0,3,35,39,86,109,1,1
0,5,34,36,84,109,1,1
0,3,35,37,85,109,1,1
34,37,0,0,86,109,1,1
0,1,36,38,88,109,1,1
33,39,1,0,87,109,1,1
34,38,1,0,88,109,1,1
0,4,35,38,86,109,1,1
36,37,0,2,86,109,1,1
36,37,1,3,85,109,1,1
1,3,36,37,85,109,1,1
0,1,35,37,86,109,1,1
38,36,1,0,86,109,1,1
37,37,1,2,86,109,1,1
0,4,34,37,84,109,1,1
0,1,35,39,87,109,1,1
33,39,0,5,85,109,1,1
1,0,34,36,86,109,1,1
35,39,0,1,87,109,1,1
0,4,34,39,85,109,1,1
34,36,1,0,86,109,1,1
35,39,0,3,86,109,1,1
34,39,0,4,85,109,1,1
0,0,34,39,87,109,1,1
34,39,0,0,87,109,1,1
34,38,0,5,86,109,1,1
0,5,34,38,86,109,1,1
2,3,37,37,86,109,1,1
34,36,0,5,84,109,1,1
1,0,34,38,88,109,1,1
35,39,1,4,86,109,1,1
0,5,33,39,85,109,1,1
35,37,0,3,85,109,1,1
0,0,34,37,86,109,1,1
35,37,1,4,85,109,1,1
37,37,2,3,86,109,1,1
1,2,37,37,86,109,1,1
1,4,35,39,86,109,1,1
0,3,36,38,87,109,1,1
35,38,0,4,86,109,1,1
1,0,38,36,86,109,1,1
1,4,36,38,87,109,1,1
1,4,35,37,85,109,1,1
36,38,0,1,88,109,1,1
0,2,36,37,86,109,1,1
36,38,0,3,87,109,1,1
1,4,35,38,86,108,1,1
0,1,35,38,87,108,1,1
35,39,1,3,85,108,1,1
35,37,1,3,84,108,1,1
36,37,2,3,85,108,1,1
1,0,32,39,87,108,1,1
39,36,1,0,85,108,1,1
0,3,35,38,86,108,1,1
1,3,35,37,84,108,1,1
35,39,0,2,86,108,1,1
1,3,36,38,86,108,1,1
36,37,1,2,85,108,1,1
0,5,33,38,85,108,1,1
0,2,35,37,85,108,1,1
1,4,34,37,84,108,1,1
2,2,37,37,85,108,1,1
35,37,0,2,85,108,1,1
0,5,33,36,83,108,1,1
34,38,0,4,85,108,1,1
38,36,0,0,85,108,1,1
0,0,33,39,86,108,1,1
33,36,1,0,85,108,1,1
0,0,34,36,85,108,1,1
34,39,0,1,86,108,1,1
0,3,34,39,85,108,1,1
0,5,39,36,83,108,1,1
34,37,0,3,84,108,1,1
0,3,34,37,84,108,1,1
0,2,35,39,86,108,1,1
0,0,38,36,85,108,1,1
1,4,34,39,85,108,1,1
0,4,34,36,83,108,1,1
34,37,0,1,85,108,1,1
0,4,38,36,83,108,1,1
33,39,0,4,84,108,1,1
0,4,34,38,85,108,1,1
32,39,1,0,87,108,1,1
2,3,36,37,85,108,1,1
1,3,35,39,85,108,1,1
0,1,34,39,86,108,1,1
37,37,2,2,85,108,1,1
35,38,1,4,86,108,1,1
33,36,0,5,83,108,1,1
0,2,36,38,87,108,1,1
0,1,34,37,85,108,1,1
0,0,34,38,87,108,1,1
39,36,0,5,83,108,1,1
1,2,36,37,85,108,1,1
0,4,33,39,84,108,1,1
33,38,0,5,85,108,1,1
0,5,32,39,85,108,1,1
34,36,0,4,83,108,1,1
35,38,0,3,86,108,1,1
32,39,0,5,85,108,1,1
35,38,0,1,87,108,1,1
34,39,0,3,85,108,1,1
34,38,0,0,87,108,1,1
34,37,1,4,84,108,1,1
1,0,33,36,85,108,1,1
36,38,0,2,87,108,1,1
33,38,1,0,87,108,1,1
34,36,0,0,85,108,1,1
1,0,39,36,85,108,1,1
1,0,33,38,87,108,1,1
38,36,0,4,83,108,1,1
36,38,1,3,86,108,1,1
33,39,0,0,86,108,1,1
34,39,1,4,85,108,1,1
34,36,1,4,83,107,1,1
0,0,33,36,84,107,1,1
34,36,0,1,84,107,1,1
2,2,36,37,84,107,1,1
35,39,1,2,85,107,1,1
36,37,2,2,84,107,1,1
1,0,32,36,84,107,1,1
39,35,1,0,84,107,1,1
1,0,31,37,83,107,1,1
33,39,0,3,84,107,1,1
34,38,0,3,85,107,1,1
2,1,37,37,85,107,1,1
2,3,36,38,86,107,1,1
0,0,33,38,86,107,1,1
35,37,2,3,84,107,1,1
37,37,3,2,85,107,1,1
33,36,0,0,84,107,1,1
35,37,1,2,84,107,1,1
31,37,1,0,83,107,1,1
0,5,31,37,81,107,1,1
33,38,0,0,86,107,1,1
1,3,35,38,85,107,1,1
34,38,0,1,86,107,1,1
34,36,0,3,83,107,1,1
0,4,39,36,82,107,1,1
32,36,1,0,84,107,1,1
0,4,32,39,84,107,1,1
0,5,32,38,84,107,1,1
33,39,1,4,84,107,1,1
1,4,38,36,83,107,1,1
1,4,34,36,83,107,1,1
35,38,1,3,85,107,1,1
0,1,38,36,84,107,1,1
1,4,33,39,84,107,1,1
34,38,1,4,85,107,1,1
0,2,34,39,85,107,1,1
1,4,34,38,85,107,1,1
33,36,0,4,82,107,1,1
32,38,0,5,84,107,1,1
32,36,0,5,82,107,1,1
0,0,32,39,86,107,1,1
2,3,35,37,84,107,1,1
39,36,0,4,82,107,1,1
3,2,37,37,85,107,1,1
1,2,36,38,86,107,1,1
0,3,34,38,85,107,1,1
0,2,35,38,86,107,1,1
2,3,35,39,85,107,1,1
1,3,34,37,83,107,1,1
39,36,0,0,84,107,1,1
0,3,34,36,83,107,1,1
35,39,2,3,85,107,1,1
0,4,33,36,82,107,1,1
33,38,0,4,84,107,1,1
0,5,32,36,82,107,1,1
35,38,0,2,86,107,1,1
1,2,35,39,85,107,1,1
39,35,0,5,82,107,1,1
38,36,1,4,83,107,1,1
0,4,33,38,84,107,1,1
36,38,2,3,86,107,1,1
1,2,35,37,84,107,1,1
37,37,2,1,85,107,1,1
0,1,33,39,85,107,1,1
38,36,0,1,84,107,1,1
38,36,0,3,83,107,1,1
32,39,0,4,84,107,1,1
0,0,39,36,84,107,1,1
33,39,0,1,85,107,1,1
0,5,39,35,82,107,1,1
0,2,34,37,84,107,1,1
1,0,39,35,84,107,1,1
31,37,0,5,81,107,1,1
34,37,0,2,84,107,1,1
34,39,0,2,85,107,1,1
0,1,34,36,84,107,1,1
34,37,1,3,83,107,1,1
0,3,38,36,83,107,1,1
36,38,1,2,86,107,1,1
1,0,32,38,86,107,1,1
0,1,34,38,86,107,1,1
1,3,34,39,84,107,1,1
0,3,33,39,84,107,1,1
34,39,1,3,84,107,1,1
32,39,0,0,86,107,1,1
32,38,1,0,86,107,1,1
0,3,33,38,84,106,1,1
2,1,36,37,84,106,1,1
0,1,39,36,83,106,1,1
1,0,32,33,84,106,1,1
35,38,2,3,85,106,1,1
38,36,0,2,83,106,1,1
32,36,0,0,83,106,1,1
32,33,1,0,84,106,1,1
30,39,0,5,83,106,1,1
32,36,0,4,81,106,1,1
0,2,34,36,83,106,1,1
0,4,32,38,83,106,1,1
0,4,32,36,81,106,1,1
31,32,1,0,84,106,1,1
36,37,2,1,84,106,1,1
34,36,1,3,82,106,1,1
0,4,31,37,80,106,1,1
36,38,2,2,85,106,1,1
36,37,3,2,84,106,1,1
1,2,34,39,84,106,1,1
1,2,34,37,83,106,1,1
32,38,0,4,83,106,1,1
0,3,39,36,82,106,1,1
32,38,0,0,85,106,1,1
2,3,34,39,84,106,1,1
2,3,35,38,85,106,1,1
31,36,0,5,81,106,1,1
39,35,0,4,81,106,1,1
34,38,1,3,84,106,1,1
31,36,1,0,83,106,1,1
33,36,1,4,82,106,1,1
33,38,1,4,84,106,1,1
35,38,1,2,85,106,1,1
31,37,0,0,82,106,1,1
32,39,0,3,84,106,1,1
32,39,1,4,84,106,1,1
39,36,1,4,82,106,1,1
1,4,33,38,84,106,1,1
31,37,0,4,80,106,1,1
1,4,33,36,82,106,1,1
33,36,0,3,82,106,1,1
3,2,36,37,84,106,1,1
33,38,0,3,84,106,1,1
33,38,0,1,85,106,1,1
2,2,35,37,83,106,1,1
2,2,35,39,84,106,1,1
32,33,0,5,82,106,1,1
30,39,1,0,85,106,1,1
39,36,0,3,82,106,1,1
0,0,32,38,85,106,1,1
33,39,1,3,83,106,1,1
34,38,0,2,85,106,1,1
1,3,34,36,82,106,1,1
0,2,38,36,83,106,1,1
32,39,0,1,85,106,1,1
39,36,0,1,83,106,1,1
1,4,39,36,82,106,1,1
33,39,0,2,84,106,1,1
0,0,39,35,83,106,1,1
0,5,30,39,83,106,1,1
1,3,33,39,83,106,1,1
34,37,2,3,83,106,1,1
2,3,34,37,83,106,1,1
0,5,31,32,82,106,1,1
0,1,33,36,83,106,1,1
35,37,2,2,83,106,1,1
1,4,32,39,84,106,1,1
3,1,37,37,84,106,1,1
1,0,31,38,85,106,1,1
1,0,31,36,83,106,1,1
35,39,2,2,84,106,1,1
0,5,31,36,81,106,1,1
0,1,33,38,85,106,1,1
1,2,35,38,85,106,1,1
0,5,31,38,83,106,1,1
1,3,38,36,82,106,1,1
0,5,32,33,82,106,1,1
34,36,0,2,83,106,1,1
0,5,32,35,82,106,1,1
33,36,0,1,83,106,1,1
2,2,36,38,85,106,1,1
1,0,31,32,84,106,1,1
0,0,32,36,83,106,1,1
32,35,1,0,84,106,1,1
0,0,31,37,82,106,1,1
0,2,33,39,84,106,1,1
31,38,0,5,83,106,1,1
1,0,39,34,83,106,1,1
39,34,0,5,81,106,1,1
37,37,3,1,84,106,1,1
31,38,1,0,85,106,1,1
39,34,1,0,83,106,1,1
1,0,30,39,85,106,1,1
0,1,32,39,85,106,1,1
34,39,2,3,84,106,1,1
0,4,39,35,81,106,1,1
34,37,1,2,83,106,1,1
39,35,0,0,83,106,1,1
0,5,39,34,81,106,1,1
0,2,34,38,85,106,1,1
0,3,32,39,84,106,1,1
32,35,0,5,82,106,1,1
1,3,34,38,84,106,1,1
31,32,0,5,82,106,1,1
38,36,1,3,82,106,1,1
1,0,32,35,84,106,1,1
34,39,1,2,84,106,1,1
0,3,33,36,82,106,1,1
0,4,32,33,81,105,1,1
1,2,34,36,82,105,1,1
35,39,2,1,84,105,1,1
0,3,32,36,81,105,1,1
31,33,0,5,81,105,1,1
31,32,0,0,83,105,1,1
34,36,1,2,82,105,1,1
1,2,34,38,84,105,1,1
31,33,1,0,83,105,1,1
0,3,32,38,83,105,1,1
0,1,31,37,81,105,1,1
3,0,37,37,84,105,1,1
31,32,0,4,81,105,1,1
0,4,31,36,80,105,1,1
36,38,3,2,85,105,1,1
0,0,32,33,83,105,1,1
0,2,39,36,82,105,1,1
0,5,31,35,81,105,1,1
36,37,3,1,83,105,1,1
30,39,0,0,84,105,1,1
0,5,31,33,81,105,1,1
34,38,2,3,84,105,1,1
32,36,1,4,81,105,1,1
0,4,31,32,81,105,1,1
0,5,30,38,83,105,1,1
3,2,35,37,83,105,1,1
32,35,0,4,81,105,1,1
0,5,30,36,80,105,1,1
1,4,39,35,81,105,1,1
34,38,1,2,84,105,1,1
29,39,1,0,85,105,1,1
0,5,37,35,82,105,1,1
32,35,0,0,83,105,1,1
0,4,30,39,82,105,1,1
38,36,2,3,82,105,1,1
3,2,35,39,84,105,1,1
35,37,2,1,83,105,1,1
34,36,2,3,82,105,1,1
31,38,0,4,82,105,1,1
0,0,39,34,82,105,1,1
39,35,1,4,81,105,1,1
0,2,33,38,84,105,1,1
39,36,1,3,81,105,1,1
29,39,0,5,83,105,1,1
32,39,1,3,83,105,1,1
37,37,3,0,84,105,1,1
39,34,0,4,80,105,1,1
38,36,1,2,82,105,1,1
37,35,0,5,82,105,1,1
33,39,1,2,83,105,1,1
0,5,29,39,83,105,1,1
3,1,36,37,83,105,1,1
31,38,0,0,84,105,1,1
0,0,31,38,84,105,1,1
38,34,1,0,83,105,1,1
35,37,3,2,83,105,1,1
3,2,36,38,85,105,1,1
38,34,0,5,81,105,1,1
32,33,0,4,81,105,1,1
39,36,0,2,82,105,1,1
0,1,39,35,82,105,1,1
0,3,31,37,80,105,1,1
32,33,0,0,83,105,1,1
32,39,0,2,84,105,1,1
1,0,37,35,84,105,1,1
30,38,0,5,83,105,1,1
35,39,3,2,84,105,1,1
2,1,36,38,85,105,1,1
0,2,32,39,84,105,1,1
1,0,38,34,83,105,1,1
33,39,2,3,83,105,1,1
2,3,34,36,82,105,1,1
2,2,35,38,84,105,1,1
0,2,33,36,82,105,1,1
0,4,31,38,82,105,1,1
31,37,1,4,80,105,1,1
2,1,35,39,84,105,1,1
34,37,2,2,82,105,1,1
39,33,1,0,82,105,1,1
33,38,0,2,84,105,1,1
1,0,39,33,82,105,1,1
2,1,35,37,83,105,1,1
31,37,0,3,80,105,1,1
31,37,0,1,81,105,1,1
0,5,38,34,81,105,1,1
1,4,32,38,83,105,1,1
1,3,32,39,83,105,1,1
0,1,32,36,82,105,1,1
1,4,32,36,81,105,1,1
0,0,31,32,83,105,1,1
37,37,4,1,84,105,1,1
0,4,39,34,80,105,1,1
33,38,1,3,83,105,1,1
1,3,39,36,81,105,1,1
33,36,1,3,81,105,1,1
32,36,0,1,82,105,1,1
0,0,31,36,82,105,1,1
2,3,33,39,83,105,1,1
1,3,33,38,83,105,1,1
30,39,0,4,82,105,1,1
39,34,0,0,82,105,1,1
4,1,37,37,84,105,1,1
31,36,0,4,80,105,1,1
37,35,1,0,84,105,1,1
31,36,0,0,82,105,1,1
1,2,33,39,83,105,1,1
30,38,1,0,85,105,1,1
32,36,0,3,81,105,1,1
30,36,0,5,80,105,1,1
2,3,34,38,84,105,1,1
35,38,2,2,84,105,1,1
0,0,30,39,84,105,1,1
0,5,39,33,80,105,1,1
32,38,0,1,84,105,1,1
1,0,30,38,85,105,1,1
1,0,30,36,82,105,1,1
1,24,38,38,1,0,0,1
26,10,37,39,1,0,0,1
31,30,38,38,1,0,0,1
7,14,38,38,1,0,0,1
19,4,38,39,1,0,0,1
2,6,39,39,1,0,0,1
14,9,38,38,1,0,0,1
24,19,39,38,1,0,0,1
19,36,39,38,1,0,0,1
17,15,39,38,1,0,0,1
38,39,1,24,1,0,0,1
15,4,37,39,1,0,0,1
35,13,37,39,1,0,0,1
37,39,18,13,1,0,0,1
38,39,28,34,1,0,0,1
37,39,8,12,1,0,0,1
38,39,39,31,1,0,0,1
26,0,38,38,1,0,0,1
25,4,39,39,1,0,0,1
22,38,38,39,1,0,0,1
39,38,22,27,1,0,0,1
39,38,22,29,1,0,0,1
39,38,24,0,1,0,0,1
39,38,33,36,1,0,0,1
39,39,6,3,1,0,0,1
39,32,3,2,77,98,1,1
3,38,0,0,74,95,1,1
6,0,30,33,74,93,1,1
8,1,37,29,70,89,1,1
1,0,9,35,72,89,1,1
15,34,0,4,71,87,1,1
39,13,2,2,68,84,1,1
6,0,39,6,68,83,1,1
34,26,7,2,67,83,1,1
34,21,2,1,64,82,1,1
32,11,3,1,66,81,1,1
7,0,38,10,63,81,1,1
6,1,30,27,63,80,1,1
1,3,30,9,62,79,1,1
0,10,31,38,66,79,1,1
37,15,4,1,65,79,1,1
31,8,1,2,62,78,1,1
0,7,26,31,61,76,1,1
2,7,28,29,60,74,1,1
1,2,7,25,61,73,1,1
4,5,9,35,59,71,1,1
22,21,8,0,55,71,1,1
3,6,10,34,59,69,1,1
2,34,35,2,50,69,1,1
31,2,6,3,61,68,1,1
4,8,35,33,57,68,1,1
23,4,0,1,55,68,1,1
8,1,13,25,55,67,1,1
0,8,30,24,54,64,1,1
24,1,1,3,50,63,1,1
2,2,23,6,51,63,1,1
2,7,25,24,52,62,1,1
0,8,35,9,53,62,1,1
34,31,1,27,46,61,1,1
11,34,37,0,41,60,1,1
13,24,5,4,51,60,1,1
17,3,32,39,46,59,1,1
21,26,1,10,50,58,1,1
26,18,3,5,48,58,1,1
14,1,29,36,46,58,1,1
37,7,5,31,39,58,1,1
27,27,0,29,40,57,1,1
14,36,6,5,47,57,1,1
9,38,39,11,34,57,1,1
1,22,36,35,44,56,1,1
27,1,28,36,43,56,1,1
25,0,0,31,35,56,1,1
37,5,3,25,38,56,1,1
16,37,39,12,37,56,1,1
13,2,35,32,45,56,1,1
3,9,14,33,50,55,1,1
3,17,37,32,43,55,1,1
23,0,9,37,40,55,1,1
38,20,3,36,39,55,1,1
36,4,5,6,43,55,1,1
25,2,35,34,42,54,1,1
1,31,34,18,40,54,1,1
17,17,3,5,47,54,1,1
36,34,1,17,46,54,1,1
30,27,1,28,42,54,1,1
8,3,2,36,39,53,1,1
39,10,17,39,38,53,1,1
36,28,28,1,39,53,1,1
1,7,7,24,48,53,1,1
29,18,0,10,45,53,1,1
2,7,27,5,50,53,1,1
36,7,1,24,39,52,1,1
34,39,17,8,41,52,1,1
39,6,22,39,37,52,1,1
14,36,36,10,33,52,1,1
27,5,5,32,39,51,1,1
30,31,0,24,40,51,1,1
3,16,36,30,44,51,1,1
1,30,23,4,30,50,1,1
21,0,26,31,39,50,1,1
6,19,4,5,43,50,1,1
27,39,30,0,41,50,1,1
19,1,14,38,42,50,1,1
20,34,8,4,41,50,1,1
29,37,7,9,39,50,1,1
12,26,37,3,41,50,1,1
18,39,39,16,39,50,1,1
6,10,30,34,38,50,1,1
3,15,31,34,38,49,1,1
21,2,3,31,33,49,1,1
7,1,6,11,38,49,1,1
24,39,8,6,39,49,1,1
7,29,33,7,38,48,1,1
34,26,2,14,42,48,1,1
8,10,36,30,42,48,1,1
16,38,1,27,35,48,1,1
18,39,1,14,37,48,1,1
8,3,16,35,41,48,1,1
21,37,26,2,36,48,1,1
29,39,4,28,40,48,1,1
11,29,36,8,32,48,1,1
29,31,7,10,38,47,1,1
21,2,27,35,40,47,1,1
29,22,2,30,43,47,1,1
24,4,36,29,36,47,1,1
25,13,4,39,35,47,1,1
30,0,4,19,34,47,1,1
21,30,36,2,34,47,1,1
14,2,30,26,35,46,1,1
38,30,0,36,39,46,1,1
34,32,27,5,41,46,1,1
8,12,30,34,36,46,1,1
26,3,1,24,28,46,1,1
1,18,0,9,38,46,1,1
29,19,2,38,29,46,1,1
22,5,28,33,35,46,1,1
39,32,12,19,37,46,1,1
4,32,29,11,33,46,1,1
5,2,9,12,38,46,1,1
31,38,18,10,36,45,1,1
18,11,4,4,39,45,1,1
14,36,1,28,33,45,1,1
6,39,35,25,33,45,1,1
36,35,22,10,37,45,1,1
19,38,1,19,37,45,1,1
30,22,8,4,35,44,1,1
5,39,38,36,39,44,1,1
3,20,27,0,27,44,1,1
16,0,37,19,37,44,1,1
20,5,8,35,34,44,1,1
17,11,30,38,35,44,1,1
4,4,20,1,36,43,1,1
31,4,30,36,33,43,1,1
10,21,30,0,32,43,1,1
34,16,7,4,36,43,1,1
30,6,14,33,29,43,1,1
5,30,22,6,27,43,1,1
10,5,35,5,30,43,1,1
39,7,10,18,34,42,1,1
10,11,39,10,36,42,1,1
0,33,26,17,32,42,1,1
35,37,38,14,35,42,1,1
26,15,4,35,30,42,1,1
26,25,11,10,32,42,1,1
24,39,4,21,33,42,1,1
19,7,4,32,28,42,1,1
36,28,22,6,33,42,1,1
26,1,20,31,31,42,1,1
36,18,7,29,31,42,1,1
25,31,4,23,32,41,1,1
8,12,26,31,33,41,1,1
26,0,34,1,34,41,1,1
11,25,35,8,35,41,1,1
26,10,3,28,37,41,1,1
34,6,25,2,32,41,1,1
35,8,39,35,33,41,1,1
7,15,28,26,33,40,1,1
29,26,21,2,31,40,1,1
3,38,25,20,27,40,1,1
34,1,11,16,30,40,1,1
2,22,21,37,30,40,1,1
39,32,5,32,35,40,1,1
11,0,3,28,36,40,1,1
22,7,21,38,33,40,1,1
16,38,26,16,28,40,1,1
17,17,33,27,35,40,1,1
18,12,2,34,28,40,1,1
19,12,9,38,29,40,1,1
23,0,11,26,29,40,1,1
26,23,8,3,32,40,1,1
24,28,29,2,35,39,1,1
31,4,36,32,32,39,1,1
27,1,2,15,26,39,1,1
31,23,4,35,30,39,1,1
24,24,2,23,32,39,1,1
1,34,17,15,27,39,1,1
7,19,35,10,33,39,1,1
11,14,36,28,34,39,1,1
28,20,12,0,30,38,1,1
32,18,15,1,28,38,1,1
39,32,39,12,30,38,1,1
32,14,14,34,21,38,1,1
12,11,29,28,29,38,1,1
18,32,33,11,24,38,1,1
18,20,34,2,28,38,1,1
8,18,26,28,29,38,1,1
12,39,5,24,29,38,1,1
12,16,36,25,32,37,1,1
0,29,21,17,27,37,1,1
12,0,1,26,29,37,1,1
31,1,17,24,28,37,1,1
9,11,4,37,28,37,1,1
25,24,9,5,26,37,1,1
23,4,39,13,30,37,1,1
39,3,19,8,33,37,1,1
11,3,25,24,28,37,1,1
11,21,28,3,31,37,1,1
21,30,33,10,24,36,1,1
17,28,12,9,28,36,1,1
17,33,8,6,31,36,1,1
15,33,11,9,32,36,1,1
15,22,0,39,26,36,1,1
26,33,20,13,26,36,1,1
15,24,39,34,30,36,1,1
20,27,37,8,23,36,1,1
16,0,12,26,31,36,1,1
33,28,37,2,32,36,1,1
39,7,22,26,22,36,1,1
9,37,35,29,28,36,1,1
5,6,25,6,34,36,1,1
13,12,31,30,30,36,1,1
8,16,26,26,31,36,1,1
5,16,37,14,33,36,1,1
14,36,4,21,29,35,1,1
20,27,38,10,21,35,1,1
10,22,31,36,28,35,1,1
19,13,7,34,28,35,1,1
2,9,8,18,33,35,1,1
5,12,32,20,30,35,1,1
30,9,8,6,25,35,1,1
29,10,26,36,27,35,1,1
3,12,12,34,30,35,1,1
39,16,37,31,30,35,1,1
32,28,17,8,28,35,1,1
14,8,34,4,22,34,1,1
11,38,4,21,27,34,1,1
33,19,6,12,28,34,1,1
1,39,14,18,24,34,1,1
29,10,24,33,24,34,1,1
5,30,24,15,27,34,1,1
13,4,9,28,27,34,1,1
20,20,3,37,26,34,1,1
3,5,15,5,32,34,1,1
23,8,39,16,31,34,1,1
24,37,14,17,27,34,1,1
28,9,16,31,24,34,1,1
29,36,33,12,28,34,1,1
11,26,34,37,27,34,1,1
0,13,26,18,29,33,1,1
34,33,11,27,26,33,1,1
1,38,11,17,23,33,1,1
2,18,30,15,29,33,1,1
33,5,29,26,26,33,1,1
10,18,26,35,26,33,1,1
34,9,27,33,27,33,1,1
26,10,12,29,28,33,1,1
36,4,24,25,24,33,1,1
30,2,12,15,25,33,1,1
3,24,19,28,26,32,1,1
12,31,27,14,23,32,1,1
28,19,9,6,23,32,1,1
31,33,17,19,28,32,1,1
19,13,23,37,27,32,1,1
20,21,1,28,23,32,1,1
20,14,38,0,24,32,1,1
37,11,15,9,23,32,1,1
37,35,25,15,26,32,1,1
32,19,16,33,20,32,1,1
19,1,35,13,29,32,1,1
28,4,8,15,27,31,1,1
30,17,17,3,23,31,1,1
5,13,33,14,29,31,1,1
19,10,17,35,26,31,1,1
23,34,10,16,25,31,1,1
28,38,39,18,23,31,1,1
13,27,26,11,26,31,1,1
7,13,3,32,20,31,1,1
3,31,1,18,24,31,1,1
27,15,25,36,23,31,1,1
14,6,4,25,23,31,1,1
3,14,20,0,25,31,1,1
39,3,31,24,24,31,1,1
39,14,29,31,25,31,1,1
12,8,14,29,29,31,1,1
35,7,19,22,24,31,1,1
0,13,25,11,27,31,1,1
17,24,11,10,24,30,1,1
8,29,26,19,23,30,1,1
14,20,16,38,27,30,1,1
34,30,27,7,27,30,1,1
3,15,28,10,27,30,1,1
30,33,5,32,27,30,1,1
25,2,9,12,23,30,1,1
5,32,3,16,22,30,1,1
32,34,10,28,23,30,1,1
18,14,39,21,24,30,1,1
21,22,0,16,25,29,1,1
30,21,14,28,20,29,1,1
25,19,20,39,22,29,1,1
25,17,6,9,22,29,1,1
7,11,28,9,25,29,1,1
33,19,15,8,20,29,1,1
8,24,23,34,24,29,1,1
24,30,2,33,26,29,1,1
20,11,14,30,25,29,1,1
20,28,13,10,21,29,1,1
21,36,39,25,23,29,1,1
19,23,37,15,20,28,1,1
16,2,27,15,22,28,1,1
21,2,14,19,22,28,1,1
12,8,30,8,20,28,1,1
15,18,14,1,25,28,1,1
1,17,17,29,26,28,1,1
19,30,14,11,22,28,1,1
7,25,19,35,24,28,1,1
9,8,24,21,21,28,1,1
39,27,33,12,27,27,1,1
14,4,25,20,20,27,1,1
14,33,4,28,28,27,1,1
20,20,27,4,24,27,1,1
9,17,21,2,18,27,1,1
24,8,33,14,24,27,1,1
19,29,0,37,20,27,1,1
6,36,26,39,25,27,1,1
29,19,13,30,18,27,1,1
12,31,3,21,24,27,1,1
8,29,25,29,21,27,1,1
37,15,24,27,25,27,1,1
29,23,16,11,21,27,1,1
24,8,6,17,21,27,1,1
9,28,18,16,24,27,1,1
22,27,33,34,22,26,1,1
38,13,32,29,22,26,1,1
26,38,9,39,22,26,1,1
24,21,7,24,22,26,1,1
39,11,32,26,21,26,1,1
39,18,25,12,16,26,1,1
18,9,23,24,20,26,1,1
13,1,9,19,23,26,1,1
5,32,24,39,23,26,1,1
25,16,4,17,23,26,1,1
14,22,28,10,19,26,1,1
30,35,14,26,20,25,1,1
19,19,32,11,20,25,1,1
23,34,20,16,22,25,1,1
19,25,35,22,18,25,1,1
17,0,26,14,24,25,1,1
26,23,21,7,20,25,1,1
7,12,25,9,22,25,1,1
7,14,17,29,20,25,1,1
25,13,19,32,22,25,1,1
14,11,3,25,17,25,1,1
32,4,25,22,21,25,1,1
5,32,24,30,22,25,1,1
17,4,25,9,19,25,1,1
13,31,30,28,19,24,1,1
23,38,11,30,17,24,1,1
24,33,37,22,18,24,1,1
29,26,27,8,19,24,1,1
20,15,14,31,20,24,1,1
18,11,21,28,19,24,1,1
27,34,16,25,18,24,1,1
14,22,32,20,21,24,1,1
14,8,21,23,16,24,1,1
8,15,16,30,19,23,1,1
29,7,36,21,18,23,1,1
17,20,5,11,15,23,1,1
30,27,14,32,18,23,1,1
2,36,20,37,21,23,1,1
29,22,22,34,16,23,1,1
13,21,18,34,18,22,1,1
18,34,20,16,19,22,1,1
22,35,8,27,16,22,1,1
17,25,26,12,19,22,1,1
19,2,9,14,18,22,1,1
28,31,38,19,19,22,1,1
26,39,36,28,16,21,1,1
10,27,24,32,16,21,1,1
25,6,11,7,20,21,1,1
20,25,29,23,17,21,1,1
24,7,27,7,19,21,1,1
4,28,15,22,19,21,1,1
11,26,4,12,16,21,1,1
13,14,22,2,14,21,1,1
24,24,11,26,16,21,1,1
20,19,35,15,17,21,1,1
20,3,25,10,18,20,1,1
23,25,24,10,16,20,1,1
29,3,38,12,17,20,1,1
22,19,21,34,18,20,1,1
22,16,17,5,16,20,1,1
9,11,10,26,16,20,1,1
21,11,7,12,16,19,1,1
14,18,19,8,15,19,1,1
39,11,26,17,14,19,1,1
21,26,22,16,14,19,1,1
15,6,10,20,17,19,1,1
10,14,24,19,18,19,1,1
3,18,8,26,17,19,1,1
22,1,12,8,16,19,1,1
31,26,30,39,15,18,1,1
23,17,21,27,12,18,1,1
23,12,35,18,13,18,1,1
11,14,0,21,13,18,1,1
15,25,22,36,14,18,1,1
10,16,20,9,11,17,1,1
21,30,26,28,14,17,1,1
13,11,25,10,14,17,1,1
31,28,39,19,16,17,1,1
15,24,24,28,15,17,1,1
13,1,17,10,14,17,1,1
17,13,8,6,12,16,1,1
22,27,24,33,14,16,1,1
22,30,30,22,17,16,1,1
15,21,3,17,14,16,1,1
16,15,19,2,14,16,1,1
18,0,18,14,16,16,1,1
15,6,23,12,13,16,1,1
20,11,28,17,14,16,1,1
15,33,14,22,16,16,1,1
28,23,23,22,15,16,1,1
20,37,22,26,12,15,1,1
5,17,2,27,12,15,1,1
39,22,33,31,14,15,1,1
25,9,14,13,14,15,1,1
34,21,33,11,15,15,1,1
28,6,27,5,13,14,1,1
3,11,3,21,11,14,1,1
29,10,31,0,12,14,1,1
5,9,17,9,13,14,1,1
10,24,8,14,12,14,1,1
11,35,11,27,13,14,1,1
26,34,20,30,12,14,1,1
17,7,6,10,12,14,1,1
18,14,16,4,11,14,1,1
19,11,27,9,12,14,1,1
20,34,8,32,15,14,1,1
16,13,25,17,12,13,1,1
6,9,14,14,12,13,1,1
33,11,28,17,10,13,1,1
23,8,14,8,12,13,1,1
30,15,37,9,10,13,1,1
30,29,29,37,13,13,1,1
28,13,39,15,14,13,1,1
21,27,18,18,12,12,1,1
15,14,25,12,12,12,1,1
28,13,24,21,10,12,1,1
14,12,23,11,12,12,1,1
21,13,15,7,9,12,1,1
18,16,21,7,11,12,1,1
36,24,34,16,12,12,1,1
22,32,18,38,12,12,1,1
1,23,3,15,9,12,1,1
16,24,15,18,10,11,1,1
37,5,37,12,10,11,1,1
29,28,27,37,12,11,1,1
13,34,20,37,10,10,1,1
19,6,19,16,11,10,1,1
34,12,29,7,10,10,1,1
26,20,20,20,8,10,1,1
30,7,36,5,9,10,1,1
13,5,14,2,11,10,1,1
12,26,8,24,11,10,1,1
27,37,21,33,8,10,1,1
37,2,36,9,9,10,1,1
32,16,28,10,9,10,1,1
14,31,14,37,11,10,1,1
14,26,10,26,10,10,1,1
10,18,3,16,9,9,1,1
28,9,26,16,8,9,1,1
32,18,37,20,7,9,1,1
7,34,1,37,8,9,1,1
37,21,31,24,10,9,1,1
13,32,20,34,8,9,1,1
8,36,3,38,7,7,1,1
15,17,9,16,8,7,1,1
15,14,22,14,8,7,1,1
8,36,2,35,8,7,1,1
2,12,0,17,7,7,1,1
26,35,29,38,6,6,1,1
15,19,10,18,6,6,1,1
38,11,36,7,5,6,1,1
12,29,8,27,5,6,1,1
13,24,17,23,6,5,1,1
8,32,10,35,5,5,1,1
30,18,34,17,6,5,1,1
21,36,19,34,4,4,1,1
28,13,28,10,4,3,1,1
15,7,15,4,4,3,1,1
28,9,28,11,3,2,1,1
13,27,0,0,138,164,1,2
0,0,13,27,138,164,1,2
0,0,14,27,138,163,1,2
0,0,13,26,137,163,1,2
13,26,0,0,137,163,1,2
13,27,1,0,138,163,1,2
13,27,0,1,137,163,1,2
1,0,13,27,138,163,1,2
0,1,13,27,137,163,1,2
14,27,0,0,138,163,1,2
1,1,13,27,137,162,1,2
13,27,2,0,138,162,1,2
0,0,13,25,136,162,1,2
1,0,13,26,137,162,1,2
14,26,0,0,137,162,1,2
13,25,0,0,136,162,1,2
15,27,0,0,138,162,1,2
13,26,0,1,136,162,1,2
0,0,14,26,137,162,1,2
1,0,14,27,138,162,1,2
2,0,13,27,138,162,1,2
14,27,1,0,138,162,1,2
0,1,14,27,137,162,1,2
13,27,0,2,136,162,1,2
0,0,15,27,138,162,1,2
0,2,13,27,136,162,1,2
14,27,0,1,137,162,1,2
13,26,1,0,137,162,1,2
13,27,1,1,137,162,1,2
0,1,13,26,136,162,1,2
13,27,2,1,137,161,1,2
0,1,13,25,135,161,1,2
14,27,1,1,137,161,1,2
0,0,14,25,136,161,1,2
13,26,0,2,135,161,1,2
1,0,14,26,137,161,1,2
13,25,0,1,135,161,1,2
14,25,0,0,136,161,1,2
1,0,15,27,138,161,1,2
0,3,13,27,135,161,1,2
13,27,1,2,136,161,1,2
2,1,13,27,137,161,1,2
0,1,15,27,137,161,1,2
3,0,13,27,138,161,1,2
14,26,0,1,136,161,1,2
14,27,0,2,136,161,1,2
0,1,14,26,136,161,1,2
0,0,15,26,137,161,1,2
1,2,13,27,136,161,1,2
13,25,1,0,136,161,1,2
1,1,14,27,137,161,1,2
13,26,2,0,137,161,1,2
13,27,3,0,138,161,1,2
16,27,0,0,138,161,1,2
13,27,0,3,135,161,1,2
15,27,1,0,138,161,1,2
2,0,14,27,138,161,1,2
14,27,2,0,138,161,1,2
1,0,13,25,136,161,1,2
1,1,13,26,136,161,1,2
0,2,14,27,136,161,1,2
2,0,13,26,137,161,1,2
0,2,13,26,135,161,1,2
0,0,16,27,138,161,1,2
13,24,0,0,135,161,1,2
14,26,1,0,137,161,1,2
13,26,1,1,136,161,1,2
0,0,13,24,135,161,1,2
15,27,0,1,137,161,1,2
15,26,0,0,137,161,1,2
2,1,13,26,136,160,1,2
14,27,1,2,136,160,1,2
0,1,13,24,134,160,1,2
13,26,0,3,134,160,1,2
14,26,2,0,137,160,1,2
1,0,15,26,137,160,1,2
2,2,13,27,136,160,1,2
0,2,13,25,134,160,1,2
13,27,0,4,134,160,1,2
13,26,1,2,135,160,1,2
0,1,16,27,137,160,1,2
3,0,14,27,138,160,1,2
16,27,0,1,137,160,1,2
17,27,0,0,138,160,1,2
15,27,2,0,138,160,1,2
13,27,3,1,137,160,1,2
13,27,1,3,135,160,1,2
1,0,16,27,138,160,1,2
1,1,15,27,137,160,1,2
15,27,1,1,137,160,1,2
0,3,14,27,135,160,1,2
0,0,15,25,136,160,1,2
0,1,14,25,135,160,1,2
3,1,13,27,137,160,1,2
2,0,13,25,136,160,1,2
1,3,13,27,135,160,1,2
16,27,1,0,138,160,1,2
14,27,2,1,137,160,1,2
13,25,0,2,134,160,1,2
2,1,14,27,137,160,1,2
14,25,0,1,135,160,1,2
13,27,2,2,136,160,1,2
2,0,14,26,137,160,1,2
13,24,1,0,135,160,1,2
1,1,14,26,136,160,1,2
15,26,0,1,136,160,1,2
0,0,13,23,134,160,1,2
0,0,14,24,135,160,1,2
1,0,13,24,135,160,1,2
13,26,3,0,137,160,1,2
14,25,1,0,136,160,1,2
13,25,1,1,135,160,1,2
3,0,13,26,137,160,1,2
1,2,14,27,136,160,1,2
14,27,3,0,138,160,1,2
14,27,0,3,135,160,1,2
1,1,13,25,135,160,1,2
0,3,13,26,134,160,1,2
15,25,0,0,136,160,1,2
16,26,0,0,137,160,1,2
0,4,13,27,134,160,1,2
0,0,16,26,137,160,1,2
1,0,14,25,136,160,1,2
0,1,15,26,136,160,1,2
1,2,13,26,135,160,1,2
13,24,0,1,134,160,1,2
0,2,14,26,135,160,1,2
14,26,1,1,136,160,1,2
0,0,17,27,138,160,1,2
0,2,15,27,136,160,1,2
13,26,2,1,136,160,1,2
15,27,0,2,136,160,1,2
14,26,0,2,135,160,1,2
2,0,15,27,138,160,1,2
13,25,2,0,136,160,1,2
14,24,0,0,135,160,1,2
15,26,1,0,137,160,1,2
13,23,0,0,134,160,1,2
17,27,1,0,138,159,1,2
14,23,0,0,134,159,1,2
15,27,3,0,138,159,1,2
3,0,13,25,136,159,1,2
3,0,15,27,138,159,1,2
1,1,16,27,137,159,1,2
1,0,13,23,134,159,1,2
13,27,1,4,134,159,1,2
13,24,1,1,134,159,1,2
1,0,17,27,138,159,1,2
0,0,13,22,133,159,1,2
3,2,13,27,136,159,1,2
1,3,13,26,134,159,1,2
1,1,15,26,136,159,1,2
0,1,15,25,135,159,1,2
0,4,13,26,133,159,1,2
13,25,0,3,133,159,1,2
1,0,14,24,135,159,1,2
0,0,15,24,135,159,1,2
13,27,2,3,135,159,1,2
2,1,14,26,136,159,1,2
13,22,0,0,133,159,1,2
14,24,0,1,134,159,1,2
0,0,17,26,137,159,1,2
15,25,0,1,135,159,1,2
13,26,2,2,135,159,1,2
0,2,14,25,134,159,1,2
0,1,14,24,134,159,1,2
17,26,0,0,137,159,1,2
16,27,2,0,138,159,1,2
1,2,14,26,135,159,1,2
1,0,15,25,136,159,1,2
2,1,13,25,135,159,1,2
13,27,3,2,136,159,1,2
14,24,1,0,135,159,1,2
16,25,0,0,136,159,1,2
14,25,1,1,135,159,1,2
1,4,13,27,134,159,1,2
13,27,0,5,133,159,1,2
3,1,14,27,137,159,1,2
1,1,14,25,135,159,1,2
15,27,1,2,136,159,1,2
0,2,16,27,136,159,1,2
2,3,13,27,135,159,1,2
0,3,13,25,133,159,1,2
0,2,13,24,133,159,1,2
14,26,0,3,134,159,1,2
0,0,14,23,134,159,1,2
3,1,13,26,136,159,1,2
0,5,13,27,133,159,1,2
13,25,3,0,136,159,1,2
14,26,2,1,136,159,1,2
0,3,14,26,134,159,1,2
1,1,13,24,134,159,1,2
14,25,0,2,134,159,1,2
15,27,2,1,137,159,1,2
14,27,2,2,136,159,1,2
1,3,14,27,135,159,1,2
2,0,16,27,138,159,1,2
13,25,2,1,135,159,1,2
1,2,13,25,134,159,1,2
14,27,3,1,137,159,1,2
14,25,2,0,136,159,1,2
1,2,15,27,136,159,1,2
2,2,14,27,136,159,1,2
3,0,14,26,137,159,1,2
16,27,0,2,136,159,1,2
15,26,0,2,135,159,1,2
0,0,16,25,136,159,1,2
13,26,3,1,136,159,1,2
0,0,18,27,138,159,1,2
13,26,1,3,134,159,1,2
0,3,15,27,135,159,1,2
2,0,14,25,136,159,1,2
1,0,16,26,137,159,1,2
0,1,17,27,137,159,1,2
13,24,0,2,133,159,1,2
14,26,1,2,135,159,1,2
15,26,2,0,137,159,1,2
2,2,13,26,135,159,1,2
15,24,0,0,135,159,1,2
0,2,15,26,135,159,1,2
17,27,0,1,137,159,1,2
15,26,1,1,136,159,1,2
18,27,0,0,138,159,1,2
2,1,15,27,137,159,1,2
16,26,1,0,137,159,1,2
15,27,0,3,135,159,1,2
13,25,1,2,134,159,1,2
14,27,0,4,134,159,1,2
0,1,13,23,133,159,1,2
0,4,14,27,134,159,1,2
13,24,2,0,135,159,1,2
13,23,1,0,134,159,1,2
14,27,1,3,135,159,1,2
2,0,15,26,137,159,1,2
2,0,13,24,135,159,1,2
15,25,1,0,136,159,1,2
0,1,16,26,136,159,1,2
16,27,1,1,137,159,1,2
13,23,0,1,133,159,1,2
14,26,3,0,137,159,1,2
13,26,0,4,133,159,1,2
16,26,0,1,136,159,1,2
0,5,14,27,133,158,1,2
0,2,15,25,134,158,1,2
14,26,3,1,136,158,1,2
3,1,15,27,137,158,1,2
0,0,19,27,138,158,1,2
15,26,3,0,137,158,1,2
14,25,3,0,136,158,1,2
1,1,13,23,133,158,1,2
2,0,15,25,136,158,1,2
16,25,0,1,135,158,1,2
14,23,0,1,133,158,1,2
3,2,14,27,136,158,1,2
1,1,14,24,134,158,1,2
3,0,14,25,136,158,1,2
15,26,2,1,136,158,1,2
2,1,16,27,137,158,1,2
1,1,15,25,135,158,1,2
1,3,13,25,133,158,1,2
1,1,16,26,136,158,1,2
0,3,16,27,135,158,1,2
1,4,14,27,134,158,1,2
14,25,0,3,133,158,1,2
0,1,16,25,135,158,1,2
0,0,18,26,137,158,1,2
16,26,2,0,137,158,1,2
17,27,0,2,136,158,1,2
16,27,2,1,137,158,1,2
0,1,17,26,136,158,1,2
13,24,1,2,133,158,1,2
3,2,13,26,135,158,1,2
13,27,0,6,132,158,1,2
0,5,13,26,132,158,1,2
14,26,1,3,134,158,1,2
2,4,13,27,134,158,1,2
0,3,15,26,134,158,1,2
0,1,15,24,134,158,1,2
15,25,2,0,136,158,1,2
14,27,3,2,136,158,1,2
0,0,17,25,136,158,1,2
13,27,1,5,133,158,1,2
0,1,18,27,137,158,1,2
16,25,1,0,136,158,1,2
13,26,1,4,133,158,1,2
0,3,14,25,133,158,1,2
3,0,16,27,138,158,1,2
2,3,14,27,135,158,1,2
14,24,2,0,135,158,1,2
13,21,0,0,132,158,1,2
0,3,13,24,132,158,1,2
2,3,13,26,134,158,1,2
14,24,1,1,134,158,1,2
14,22,0,0,133,158,1,2
1,5,13,27,133,158,1,2
2,1,13,24,134,158,1,2
0,2,17,27,136,158,1,2
0,2,16,26,135,158,1,2
17,26,0,1,136,158,1,2
13,26,2,3,134,158,1,2
15,25,0,2,134,158,1,2
1,4,13,26,133,158,1,2
14,24,0,2,133,158,1,2
13,22,0,1,132,158,1,2
0,4,14,26,133,158,1,2
0,2,14,24,133,158,1,2
1,1,17,27,137,158,1,2
13,22,1,0,133,158,1,2
17,26,1,0,137,158,1,2
0,1,13,22,132,158,1,2
2,1,14,25,135,158,1,2
17,27,1,1,137,158,1,2
18,27,0,1,137,158,1,2
13,26,0,5,132,158,1,2
1,2,16,27,136,158,1,2
13,23,0,2,132,158,1,2
3,0,13,24,135,158,1,2
15,25,1,1,135,158,1,2
13,23,1,1,133,158,1,2
16,24,0,0,135,158,1,2
16,27,1,2,136,158,1,2
14,25,2,1,135,158,1,2
1,2,13,24,133,158,1,2
17,25,0,0,136,158,1,2
17,27,2,0,138,158,1,2
14,26,2,2,135,158,1,2
0,4,15,27,134,158,1,2
18,27,1,0,138,158,1,2
2,2,15,27,136,158,1,2
15,27,0,4,134,158,1,2
0,6,13,27,132,158,1,2
13,23,2,0,134,158,1,2
16,26,1,1,136,158,1,2
13,25,1,3,133,158,1,2
3,1,13,25,135,158,1,2
19,27,0,0,138,158,1,2
2,1,15,26,136,158,1,2
14,23,1,0,134,158,1,2
14,27,0,5,133,158,1,2
13,24,3,0,135,158,1,2
13,24,0,3,132,158,1,2
0,2,13,23,132,158,1,2
2,0,13,23,134,158,1,2
14,25,1,2,134,158,1,2
13,27,3,3,135,158,1,2
3,0,15,26,137,158,1,2
14,27,2,3,135,158,1,2
15,27,2,2,136,158,1,2
1,0,14,23,134,158,1,2
15,27,3,1,137,158,1,2
0,0,13,21,132,158,1,2
2,0,14,24,135,158,1,2
15,26,0,3,134,158,1,2
15,26,1,2,135,158,1,2
2,2,14,26,135,158,1,2
3,3,13,27,135,158,1,2
1,0,15,24,135,158,1,2
2,0,17,27,138,158,1,2
0,0,14,22,133,158,1,2
16,27,0,3,135,158,1,2
18,26,0,0,137,158,1,2
13,26,3,2,135,158,1,2
0,0,15,23,134,158,1,2
13,25,2,2,134,158,1,2
14,26,0,4,133,158,1,2
1,0,17,26,137,158,1,2
15,27,1,3,135,158,1,2
0,0,16,24,135,158,1,2
1,0,16,25,136,158,1,2
1,0,13,22,133,158,1,2
13,27,2,4,134,158,1,2
15,24,0,1,134,158,1,2
0,1,14,23,133,158,1,2
14,27,1,4,134,158,1,2
0,4,13,25,132,158,1,2
13,25,3,1,135,158,1,2
1,2,14,25,134,158,1,2
3,1,14,26,136,158,1,2
1,0,18,27,138,158,1,2
15,24,1,0,135,158,1,2
16,26,0,2,135,158,1,2
13,24,2,1,134,158,1,2
2,2,13,25,134,158,1,2
13,25,0,4,132,158,1,2
16,27,3,0,138,158,1,2
1,3,15,27,135,158,1,2
15,23,0,0,134,158,1,2
1,2,15,26,135,158,1,2
2,0,16,26,137,158,1,2
1,3,14,26,134,158,1,2
0,0,5,0,128,157,1,2
0,4,13,24,131,157,1,2
13,23,2,1,133,157,1,2
13,24,2,2,133,157,1,2
15,27,0,5,133,157,1,2
3,4,13,27,134,157,1,2
3,2,14,26,135,157,1,2
3,0,13,23,134,157,1,2
2,1,16,26,136,157,1,2
14,24,2,1,134,157,1,2
18,27,1,1,137,157,1,2
3,1,16,27,137,157,1,2
1,1,14,23,133,157,1,2
18,26,1,0,137,157,1,2
16,24,0,1,134,157,1,2
0,5,13,25,131,157,1,2
13,23,1,2,132,157,1,2
13,25,0,5,131,157,1,2
0,2,15,24,133,157,1,2
17,27,2,1,137,157,1,2
3,2,13,25,134,157,1,2
14,25,0,4,132,157,1,2
0,0,17,24,135,157,1,2
2,0,13,22,133,157,1,2
2,2,16,27,136,157,1,2
13,27,3,4,134,157,1,2
15,23,0,1,133,157,1,2
3,1,14,25,135,157,1,2
1,2,16,26,135,157,1,2
0,1,15,23,133,157,1,2
0,5,15,27,133,157,1,2
15,27,1,4,134,157,1,2
13,23,0,3,131,157,1,2
0,3,16,26,134,157,1,2
1,4,15,27,134,157,1,2
14,21,0,0,132,157,1,2
13,24,1,3,132,157,1,2
14,25,3,1,135,157,1,2
0,0,19,26,137,157,1,2
13,27,0,7,131,157,1,2
2,3,14,26,134,157,1,2
14,27,2,4,134,157,1,2
14,27,0,6,132,157,1,2
17,26,2,0,137,157,1,2
17,25,1,0,136,157,1,2
17,27,3,0,138,157,1,2
14,23,0,2,132,157,1,2
13,26,0,6,131,157,1,2
1,1,17,26,136,157,1,2
0,2,17,26,135,157,1,2
13,20,0,0,131,157,1,2
15,23,1,0,134,157,1,2
15,25,3,0,136,157,1,2
18,27,0,2,136,157,1,2
2,2,13,24,133,157,1,2
17,27,1,2,136,157,1,2
1,3,14,25,133,157,1,2
1,1,16,25,135,157,1,2
15,26,2,2,135,157,1,2
3,3,13,26,134,157,1,2
0,1,19,27,137,157,1,2
1,4,14,26,133,157,1,2
16,26,0,3,134,157,1,2
0,3,14,24,132,157,1,2
2,4,13,26,133,157,1,2
17,25,0,1,135,157,1,2
14,26,2,3,134,157,1,2
14,25,1,3,133,157,1,2
15,25,2,1,135,157,1,2
14,27,1,5,133,157,1,2
2,0,17,26,137,157,1,2
0,0,13,20,131,157,1,2
0,3,17,27,135,157,1,2
15,26,3,1,136,157,1,2
20,27,0,0,138,157,1,2
16,24,1,0,135,157,1,2
19,27,0,1,137,157,1,2
0,1,18,26,136,157,1,2
14,25,2,2,134,157,1,2
2,0,14,23,134,157,1,2
1,0,18,26,137,157,1,2
15,27,2,3,135,157,1,2
1,1,13,22,132,157,1,2
0,7,13,27,131,157,1,2
15,26,1,3,134,157,1,2
14,23,1,1,133,157,1,2
13,27,1,6,132,157,1,2
1,0,14,22,133,157,1,2
1,3,13,24,132,157,1,2
2,4,14,27,134,157,1,2
2,1,14,24,134,157,1,2
15,26,0,4,133,157,1,2
17,26,1,1,136,157,1,2
2,1,17,27,137,157,1,2
0,2,13,22,131,157,1,2
1,6,13,27,132,157,1,2
2,2,15,26,135,157,1,2
1,2,13,23,132,157,1,2
1,1,18,27,137,157,1,2
2,0,18,27,138,157,1,2
0,5,14,26,132,157,1,2
13,27,2,5,133,157,1,2
2,5,13,27,133,157,1,2
15,25,0,3,133,157,1,2
0,3,15,25,133,157,1,2
3,0,15,25,136,157,1,2
1,4,13,25,132,157,1,2
18,26,0,1,136,157,1,2
0,2,14,23,132,157,1,2
13,22,2,0,133,157,1,2
21,25,0,5,131,149,1,2
7,1,3,6,121,145,1,2
0,8,15,15,118,142,1,2
7,12,16,27,118,142,1,2
13,7,0,6,114,138,1,2
17,23,5,14,112,137,1,2
6,4,7,9,110,136,1,2
21,26,0,19,118,136,1,2
21,26,8,12,117,135,1,2
17,22,11,9,116,135,1,2
6,24,13,25,104,132,1,2
9,14,16,21,110,132,1,2
0,24,5,2,104,131,1,2
3,24,15,23,110,131,1,2
6,17,21,25,111,131,1,2
6,14,10,2,104,130,1,2
6,25,14,25,103,130,1,2
10,2,9,11,107,130,1,2
10,5,5,13,102,129,1,2
11,9,8,5,108,129,1,2
19,13,7,11,105,126,1,2
1,25,18,20,106,126,1,2
8,10,14,7,101,125,1,2
20,7,1,12,106,124,1,2
0,18,20,8,101,120,1,2
6,20,21,17,100,120,1,2
18,25,7,30,98,120,1,2
9,16,16,11,98,120,1,2
13,19,10,27,95,119,1,2
17,13,8,20,96,118,1,2
3,13,19,2,101,117,1,2
7,22,11,6,92,116,1,2
1,15,20,0,98,116,1,2
1,29,18,13,95,115,1,2
11,2,2,32,94,115,1,2
16,4,9,14,95,115,1,2
1,25,18,8,94,114,1,2
0,37,8,3,90,114,1,2
14,4,3,23,96,114,1,2
5,39,6,1,87,113,1,2
3,9,26,4,98,112,1,2
2,10,28,0,97,112,1,2
20,10,2,28,93,110,1,2
6,5,11,30,89,110,1,2
21,10,5,25,88,109,1,2
17,14,8,32,85,107,1,2
22,1,2,20,91,107,1,2
17,4,8,22,86,107,1,2
8,3,7,38,83,106,1,2
16,3,7,24,85,106,1,2
10,4,4,38,85,106,1,2
0,39,17,10,86,106,1,2
1,14,39,8,83,106,1,2
3,39,10,6,86,106,1,2
9,25,15,4,85,105,1,2
29,12,15,26,97,104,1,2
14,35,15,23,85,103,1,2
15,3,8,27,83,103,1,2
35,6,5,11,80,103,1,2
37,23,0,2,80,102,1,2
0,38,18,8,84,102,1,2
31,14,0,5,86,102,1,2
10,5,10,36,79,101,1,2
1,18,37,7,80,101,1,2
24,15,15,21,89,101,1,2
32,4,3,15,86,100,1,2
10,13,34,1,83,100,1,2
17,23,18,38,86,100,1,2
25,13,7,1,86,100,1,2
17,39,18,22,86,100,1,2
7,19,25,4,81,99,1,2
27,0,5,21,78,99,1,2
27,9,7,4,89,99,1,2
7,1,29,11,88,98,1,2
32,1,0,23,81,98,1,2
21,3,5,30,76,97,1,2
20,24,24,17,90,97,1,2
24,20,19,25,88,96,1,2
23,20,7,1,79,95,1,2
19,22,24,18,87,95,1,2
36,0,6,25,72,95,1,2
29,16,20,25,92,94,1,2
27,4,11,18,80,94,1,2
3,24,34,4,77,93,1,2
5,26,35,1,70,93,1,2
19,9,11,39,75,92,1,2
0,6,36,28,71,92,1,2
2,26,33,3,76,92,1,2
6,24,37,5,68,92,1,2
27,7,10,24,76,92,1,2
36,21,3,10,74,92,1,2
23,31,13,24,76,91,1,2
16,22,23,27,78,90,1,2
27,9,2,2,78,90,1,2
23,6,10,29,73,90,1,2
29,16,10,2,82,89,1,2
16,37,14,8,70,89,1,2
2,35,38,3,67,88,1,2
26,0,1,39,71,88,1,2
13,6,18,39,73,88,1,2
33,24,2,9,72,88,1,2
7,17,31,10,70,87,1,2
9,2,19,29,72,87,1,2
6,34,25,6,67,87,1,2
16,26,25,33,76,86,1,2
3,15,39,25,65,86,1,2
27,20,15,14,77,86,1,2
26,23,19,20,80,86,1,2
13,6,16,34,69,85,1,2
18,15,27,19,79,85,1,2
9,30,28,0,69,85,1,2
24,19,17,11,75,85,1,2
27,15,1,2,72,85,1,2
0,24,32,14,67,84,1,2
35,0,3,38,67,84,1,2
13,39,21,5,69,84,1,2
11,31,36,1,65,83,1,2
23,5,8,39,67,83,1,2
38,6,7,32,59,83,1,2
29,34,13,25,74,83,1,2
16,18,26,28,73,82,1,2
32,35,1,4,66,82,1,2
1,5,26,14,70,82,1,2
32,24,6,10,63,82,1,2
7,19,38,21,57,81,1,2
25,9,21,2,76,81,1,2
27,33,18,24,74,80,1,2
3,33,38,12,60,80,1,2
11,20,32,12,65,79,1,2
11,25,35,10,62,79,1,2
23,29,21,17,71,78,1,2
39,38,20,23,68,78,1,2
0,24,38,26,55,78,1,2
11,14,32,19,64,78,1,2
0,15,33,31,59,77,1,2
19,21,23,38,73,77,1,2
9,13,38,29,55,77,1,2
38,33,6,12,55,77,1,2
0,39,34,11,59,76,1,2
36,31,1,18,56,76,1,2
8,21,39,24,52,76,1,2
23,37,9,2,67,75,1,2
19,18,28,31,70,74,1,2
24,10,5,11,60,74,1,2
24,35,21,20,71,74,1,2
9,34,33,6,57,74,1,2
16,16,39,37,60,74,1,2
8,19,39,28,50,74,1,2
8,17,39,30,51,74,1,2
19,6,20,32,63,73,1,2
3,13,34,35,58,73,1,2
34,14,8,29,54,73,1,2
1,36,34,15,54,72,1,2
13,35,25,1,60,72,1,2
36,33,1,20,53,72,1,2
27,24,16,5,65,72,1,2
29,24,16,7,66,72,1,2
13,19,39,28,54,71,1,2
26,29,20,12,66,71,1,2
27,0,23,15,64,71,1,2
37,30,5,1,54,71,1,2
36,0,28,11,66,71,1,2
2,7,25,21,61,71,1,2
38,37,19,16,60,70,1,2
13,34,28,7,60,70,1,2
23,18,2,9,62,70,1,2
18,16,36,38,61,70,1,2
11,11,27,12,58,69,1,2
33,8,10,39,52,68,1,2
38,27,1,32,46,68,1,2
15,2,27,26,64,68,1,2
32,14,8,32,51,68,1,2
23,7,21,35,59,68,1,2
28,37,9,7,60,67,1,2
31,0,27,11,66,67,1,2
1,12,29,34,53,66,1,2
0,5,23,32,56,66,1,2
37,1,15,29,54,66,1,2
28,39,20,15,63,66,1,2
14,31,38,3,53,66,1,2
19,37,34,0,56,66,1,2
27,31,2,7,56,65,1,2
29,4,19,39,58,65,1,2
18,13,28,38,60,65,1,2
12,6,28,39,58,65,1,2
28,10,3,26,53,65,1,2
6,16,28,17,48,65,1,2
37,19,8,35,43,65,1,2
1,3,6,13,63,65,1,2
27,2,18,36,56,65,1,2
38,34,6,24,43,64,1,2
28,32,21,11,62,64,1,2
29,27,0,14,51,64,1,2
11,21,35,30,46,63,1,2
5,18,32,36,43,63,1,2
14,17,37,25,49,63,1,2
14,32,32,1,55,63,1,2
19,27,34,23,57,63,1,2
21,15,32,39,61,63,1,2
27,11,10,19,51,63,1,2
31,18,7,33,46,63,1,2
8,20,35,35,44,62,1,2
5,33,33,23,42,62,1,2
6,28,29,9,44,62,1,2
6,22,24,10,49,62,1,2
27,16,38,7,54,62,1,2
26,4,23,23,56,62,1,2
33,22,15,23,52,61,1,2
1,19,27,38,48,61,1,2
21,5,29,28,60,61,1,2
27,12,3,28,49,60,1,2
27,33,2,14,49,60,1,2
27,4,17,30,54,60,1,2
36,28,11,3,49,60,1,2
23,23,39,7,47,60,1,2
16,18,34,26,51,60,1,2
34,8,14,34,48,60,1,2
3,25,34,37,46,59,1,2
7,13,26,23,45,59,1,2
14,2,35,38,53,59,1,2
13,21,31,21,49,58,1,2
35,28,10,7,47,58,1,2
11,15,3,11,53,58,1,2
32,24,20,23,54,57,1,2
35,13,15,26,46,57,1,2
36,13,29,11,53,57,1,2
39,20,11,1,43,57,1,2
33,27,10,3,48,57,1,2
31,3,18,33,49,57,1,2
35,0,29,24,53,56,1,2
38,31,15,4,45,56,1,2
37,21,16,16,44,56,1,2
0,34,29,16,39,55,1,2
38,16,14,33,40,55,1,2
0,0,9,31,48,54,1,2
28,2,24,28,49,54,1,2
20,39,3,2,54,54,1,2
39,9,29,21,47,54,1,2
28,37,6,22,36,53,1,2
29,25,2,26,39,52,1,2
26,37,21,2,51,52,1,2
5,14,0,15,50,52,1,2
23,0,26,35,48,52,1,2
24,17,31,13,47,51,1,2
6,35,34,32,32,51,1,2
37,15,16,17,39,51,1,2
28,34,24,7,47,51,1,2
8,38,33,26,36,51,1,2
18,26,37,8,42,51,1,2
26,12,7,33,36,50,1,2
6,19,2,11,49,50,1,2
32,17,13,34,40,50,1,2
25,28,37,8,41,50,1,2
10,12,25,29,41,50,1,2
37,26,18,7,40,50,1,2
36,30,17,2,42,49,1,2
29,34,5,25,32,49,1,2
34,34,18,1,45,49,1,2
35,33,20,3,43,49,1,2
39,20,17,33,33,49,1,2
31,3,24,29,45,49,1,2
10,7,35,19,38,49,1,2
23,15,9,26,40,49,1,2
16,8,34,24,39,48,1,2
27,28,10,17,38,48,1,2
23,18,6,27,36,48,1,2
23,18,9,24,39,48,1,2
29,1,23,39,47,48,1,2
17,37,1,7,46,48,1,2
15,3,39,23,37,48,1,2
8,18,25,27,36,48,1,2
38,6,20,26,43,48,1,2
37,20,17,34,33,48,1,2
14,8,33,22,37,47,1,2
19,38,1,9,46,47,1,2
34,20,15,10,37,47,1,2
27,19,1,36,34,47,1,2
8,15,3,19,45,47,1,2
14,30,32,16,40,46,1,2
17,39,35,25,33,46,1,2
14,36,39,29,27,46,1,2
9,28,24,17,36,46,1,2
26,18,8,30,33,46,1,2
3,7,13,33,47,46,1,2
39,7,27,33,37,46,1,2
29,37,23,2,45,45,1,2
14,36,36,27,29,45,1,2
2,14,17,32,41,45,1,2
37,22,17,32,31,44,1,2
34,22,15,33,33,44,1,2
1,8,5,28,43,44,1,2
38,36,10,38,30,44,1,2
26,39,31,1,42,43,1,2
7,28,27,35,28,43,1,2
7,34,3,3,42,43,1,2
39,32,28,0,35,43,1,2
33,9,6,3,32,43,1,2
38,34,26,9,38,43,1,2
32,39,38,2,38,43,1,2
23,29,6,21,31,43,1,2
16,32,3,15,40,42,1,2
0,6,6,34,39,42,1,2
3,12,19,38,43,42,1,2
26,0,35,33,36,42,1,2
31,1,25,37,43,42,1,2
25,10,38,38,37,41,1,2
35,0,13,15,29,41,1,2
32,22,14,3,37,41,1,2
16,16,37,0,32,41,1,2
36,11,20,16,34,41,1,2
13,13,36,7,28,41,1,2
24,22,38,25,30,41,1,2
17,37,39,33,27,40,1,2
26,18,7,38,29,39,1,2
38,34,29,10,37,39,1,2
29,31,11,26,31,39,1,2
31,19,25,22,36,39,1,2
17,36,35,29,26,39,1,2
37,1,8,6,30,38,1,2
5,12,13,34,33,38,1,2
7,13,16,34,32,38,1,2
15,25,29,1,33,38,1,2
32,14,26,28,35,38,1,2
24,23,5,35,26,37,1,2
35,28,14,30,28,37,1,2
28,17,37,29,31,37,1,2
17,36,39,39,26,37,1,2
31,34,37,4,31,36,1,2
35,18,29,26,33,36,1,2
35,33,17,37,23,36,1,2
2,14,7,31,34,36,1,2
3,32,24,31,28,36,1,2
6,33,23,36,24,36,1,2
8,26,2,20,33,36,1,2
17,35,35,32,22,35,1,2
17,36,1,21,32,35,1,2
10,1,19,27,29,35,1,2
21,37,10,15,34,35,1,2
8,17,20,39,31,34,1,2
13,36,29,18,23,34,1,2
10,30,25,33,24,34,1,2
10,38,24,18,26,34,1,2
19,37,7,17,30,34,1,2
13,33,9,14,32,33,1,2
23,30,31,19,28,33,1,2
37,37,34,7,31,33,1,2
16,15,32,4,26,33,1,2
33,30,28,2,31,33,1,2
31,3,20,21,31,33,1,2
38,11,33,39,29,33,1,2
1,39,5,10,33,33,1,2
19,32,6,24,23,33,1,2
6,7,31,3,26,33,1,2
8,17,13,32,30,32,1,2
25,34,11,33,22,31,1,2
26,32,7,36,20,31,1,2
29,32,35,17,28,31,1,2
18,10,31,10,27,31,1,2
23,5,13,18,24,31,1,2
14,35,31,35,21,31,1,2
34,20,22,1,27,31,1,2
5,15,1,34,30,31,1,2
35,3,21,15,29,30,1,2
21,37,9,21,28,30,1,2
18,20,28,0,27,30,1,2
13,38,27,22,19,30,1,2
35,8,15,3,22,29,1,2
2,27,8,26,26,29,1,2
24,3,20,24,28,29,1,2
3,36,9,17,26,29,1,2
8,5,29,2,22,28,1,2
33,23,29,7,27,28,1,2
32,22,27,29,26,28,1,2
34,19,25,36,25,28,1,2
18,19,27,1,25,27,1,2
11,9,6,31,23,27,1,2
0,6,0,33,28,27,1,2
10,29,0,30,20,27,1,2
23,28,34,30,19,27,1,2
24,35,35,24,21,26,1,2
23,25,11,37,19,26,1,2
8,33,21,30,16,26,1,2
27,27,13,38,15,25,1,2
21,23,13,6,18,25,1,2
7,2,21,13,15,25,1,2
20,32,36,37,19,25,1,2
31,35,25,21,21,24,1,2
15,1,16,24,24,24,1,2
19,16,27,0,22,24,1,2
23,7,20,16,24,24,1,2
29,20,34,38,23,23,1,2
32,8,35,28,21,23,1,2
5,32,14,30,17,23,1,2
2,1,2,23,23,22,1,2
14,6,25,7,16,22,1,2
16,3,16,25,23,22,1,2
24,5,38,9,15,22,1,2
11,30,2,33,16,22,1,2
8,29,3,30,20,22,1,2
34,8,20,1,17,21,1,2
20,34,11,30,18,21,1,2
3,25,7,34,20,21,1,2
24,34,36,31,14,21,1,2
31,29,34,11,19,21,1,2
26,37,26,17,21,20,1,2
20,25,15,10,16,20,1,2
13,36,2,31,20,20,1,2
39,8,39,28,21,20,1,2
6,4,19,2,14,19,1,2
10,19,8,36,18,19,1,2
0,32,2,16,17,18,1,2
6,30,13,35,14,18,1,2
36,20,31,33,14,18,1,2
26,32,26,14,19,18,1,2
14,36,1,35,16,18,1,2
29,9,25,23,15,18,1,2
25,0,33,10,14,18,1,2
32,22,31,6,17,17,1,2
33,38,36,24,15,17,1,2
26,3,16,6,11,17,1,2
6,33,0,32,14,17,1,2
15,3,27,4,13,17,1,2
37,32,35,17,16,17,1,2
38,18,32,8,11,16,1,2
25,24,24,39,16,16,1,2
28,26,20,34,12,16,1,2
18,3,8,4,11,15,1,2
3,17,3,32,16,15,1,2
5,37,19,38,15,15,1,2
18,20,15,8,13,15,1,2
36,8,39,20,13,15,1,2
36,38,25,34,12,15,1,2
14,33,11,31,15,15,1,2
18,5,26,4,10,15,1,2
37,27,36,13,15,15,1,2
33,19,34,6,14,14,1,2
11,20,9,32,13,14,1,2
10,35,11,22,14,14,1,2
18,3,11,3,11,13,1,2
8,30,11,20,11,13,1,2
38,3,33,11,9,13,1,2
20,4,24,7,12,13,1,2
39,37,29,34,14,13,1,2
3,22,1,12,11,12,1,2
6,21,8,31,11,12,1,2
37,3,28,0,12,12,1,2
33,34,36,25,10,12,1,2
39,17,38,28,12,12,1,2
14,8,20,14,7,12,1,2
9,31,11,21,11,12,1,2
18,25,17,15,11,11,1,2
20,31,16,38,8,11,1,2
7,22,6,32,11,11,1,2
4,38,15,38,12,11,1,2
19,32,28,30,10,11,1,2
19,34,23,33,10,11,1,2
37,21,37,32,12,11,1,2
21,16,16,10,7,11,1,2
21,31,27,27,8,10,1,2
9,38,11,30,9,10,1,2
14,33,20,37,7,10,1,2
13,3,19,7,7,10,1,2
34,30,37,24,7,9,1,2
20,21,13,23,8,9,1,2
25,17,27,24,8,9,1,2
3,37,2,29,9,9,1,2
34,38,33,30,9,9,1,2
39,29,35,33,5,8,1,2
33,38,34,31,8,8,1,2
39,18,34,21,6,8,1,2
32,25,35,30,6,8,1,2
3,35,5,36,8,7,1,2
21,18,21,11,8,7,1,2
24,5,21,1,7,7,1,2
17,39,19,34,6,7,1,2
28,10,29,16,7,7,1,2
31,16,34,12,5,7,1,2
36,24,34,20,5,6,1,2
9,12,6,9,4,6,1,2
14,10,14,4,7,6,1,2
14,22,15,17,6,6,1,2
29,19,27,15,5,6,1,2
9,29,5,27,5,6,1,2
30,37,26,36,5,5,1,2
7,15,11,16,5,5,1,2
32,26,35,28,4,5,1,2
24,22,29,22,6,5,1,2
31,21,32,17,5,5,1,2
36,28,36,23,6,5,1,2
37,24,34,22,4,5,1,2
35,23,34,20,4,4,1,2
32,1,33,4,4,4,1,2
35,7,35,3,5,4,1,2
3,31,2,33,3,3,1,2
23,2,21,1,4,3,1,2
11,20,9,19,3,3,1,2
38,26,36,27,3,3,1,2
5,12,6,11,2,2,1,2
9,18,10,19,2,2,1,2
34,36,35,35,2,2,1,2
1,38,36,1,50,74,1,1
38,16,0,5,74,91,1,1
17,39,0,1,81,99,1,1
